0.000324648 2.04839 0
0.000514532 2.04839 4
0.000514532 3.24648 0
0.000815479 2.04839 0
0.000815479 3.24648 4
0.000815479 5.14532 4
0.00129245 2.04839 0
0.00129245 3.24648 0
0.00129245 5.14532 4
0.00129245 8.15479 0
0.00204839 2.04839 0
0.00204839 3.24648 0
0.00204839 5.14532 0
0.00204839 8.15479 4
0.00204839 12.9245 0
0.00324648 2.04839 0
0.00324648 3.24648 0
0.00324648 5.14532 0
0.00324648 8.15479 4
0.00324648 12.9245 4
0.00324648 20.4839 0
0.00514532 2.04839 0
0.00514532 3.24648 0
0.00514532 5.14532 0
0.00514532 8.15479 0
0.00514532 12.9245 0
0.00514532 20.4839 4
0.00514532 32.4648 4
0.00815479 2.04839 2
0.00815479 3.24648 0
0.00815479 5.14532 0
0.00815479 8.15479 0
0.00815479 12.9245 0
0.00815479 20.4839 0
0.00815479 32.4648 0
0.00815479 51.4532 4
0.0129245 2.04839 2
0.0129245 3.24648 2
0.0129245 5.14532 0
0.0129245 8.15479 0
0.0129245 12.9245 0
0.0129245 20.4839 0
0.0129245 32.4648 0
0.0129245 51.4532 0
0.0129245 81.5479 4
0.0204839 2.04839 2
0.0204839 3.24648 2
0.0204839 5.14532 2
0.0204839 8.15479 2
0.0204839 12.9245 0
0.0204839 20.4839 0
0.0204839 32.4648 0
0.0204839 51.4532 0
0.0204839 81.5479 0
0.0204839 129.245 4
0.0324648 2.04839 0
0.0324648 3.24648 2
0.0324648 5.14532 2
0.0324648 8.15479 2
0.0324648 12.9245 0
0.0324648 20.4839 0
0.0324648 32.4648 0
0.0324648 51.4532 0
0.0324648 81.5479 0
0.0324648 129.245 0
0.0324648 204.839 4
0.0514532 3.24648 0
0.0514532 5.14532 2
0.0514532 8.15479 2
0.0514532 12.9245 2
0.0514532 20.4839 2
0.0514532 32.4648 0
0.0514532 51.4532 0
0.0514532 81.5479 0
0.0514532 129.245 0
0.0514532 204.839 0
0.0514532 324.648 4
0.0815479 5.14532 0
0.0815479 8.15479 2
0.0815479 12.9245 2
0.0815479 20.4839 2
0.0815479 32.4648 2
0.0815479 51.4532 0
0.0815479 81.5479 0
0.0815479 129.245 0
0.0815479 204.839 0
0.0815479 324.648 0
0.0815479 514.532 0
0.129245 8.15479 2
0.129245 12.9245 2
0.129245 20.4839 2
0.129245 32.4648 2
0.129245 51.4532 2
0.129245 81.5479 0
0.129245 129.245 0
0.129245 204.839 0
0.129245 324.648 0
0.129245 514.532 0
0.129245 815.479 0
0.204839 12.9245 2
0.204839 20.4839 2
0.204839 32.4648 2
0.204839 51.4532 2
0.204839 81.5479 2
0.204839 129.245 0
0.204839 204.839 0
0.204839 324.648 0
0.204839 514.532 0
0.204839 815.479 0
0.204839 1292.45 0
0.324648 20.4839 2
0.324648 32.4648 2
0.324648 51.4532 2
0.324648 81.5479 2
0.324648 129.245 2
0.324648 204.839 2
0.324648 324.648 0
0.324648 514.532 0
0.324648 815.479 0
0.324648 1292.45 0
0.324648 2048.39 0
0.514532 32.4648 2
0.514532 51.4532 2
0.514532 81.5479 2
0.514532 129.245 2
0.514532 204.839 2
0.514532 324.648 2
0.514532 514.532 0
0.514532 815.479 0
0.514532 1292.45 0
0.514532 2048.39 0
0.514532 3246.48 0
0.815479 51.4532 2
0.815479 81.5479 2
0.815479 129.245 2
0.815479 204.839 2
0.815479 324.648 2
0.815479 514.532 2
0.815479 815.479 2
0.815479 1292.45 2
0.815479 2048.39 0
0.815479 3246.48 0
