1.29245e-05 1.29245 0.921865 24904.9 -0.0774756 -1929.52 0.0318936 861.63
1.29245e-05 2.04839 1.08978 30532.9 -0.0669677 -2044.71 0.0306763 859.472
1.29245e-05 3.24648 1.39946 41357.1 -0.0603376 -2495.39 0.0306377 905.41
1.29245e-05 5.14532 1.79429 55791.7 -0.0561543 -3132.95 0.0316348 983.655
1.29245e-05 8.15479 2.25696 73030.8 -0.0535148 -3908.23 0.0335236 1084.76
1.29245e-05 12.9245 2.77824 92584.8 -0.0518494 -4800.47 0.0361475 1204.61
1.29245e-05 20.4839 3.36031 114416 -0.0507987 -5812.17 0.0395247 1345.78
1.29245e-05 32.4648 4.00053 138385 -0.0501356 -6938.01 0.0436381 1509.51
1.29245e-05 51.4532 4.69031 164174 -0.0497173 -8162.28 0.0481518 1685.44
1.29245e-05 81.5479 5.42831 191731 -0.0494534 -9481.73 0.0529635 1870.7
1.29245e-05 129.245 6.21054 220922 -0.0492868 -10888.5 0.0580017 2063.24
1.29245e-05 204.839 7.03444 251667 -0.0491817 -12377.4 0.0632203 2261.79
1.29245e-05 324.648 7.90002 283978 -0.0491154 -13947.7 0.0686085 2466.24
1.29245e-05 514.532 8.80922 317938 -0.0490736 -15602.4 0.0741819 2677.34
1.29245e-05 815.479 9.77166 353905 -0.0490472 -17358.1 0.080028 2898.41
1.29245e-05 1292.45 10.8292 393413 -0.0490306 -19289.3 0.0865139 3142.95
1.29245e-05 2048.39 12.0049 437323 -0.0490201 -21437.6 0.0938451 3418.64
1.29245e-05 3246.48 13.4467 491059 -0.0490134 -24068.5 0.103243 3770.31
1.29245e-05 5145.32 15.2007 556367 -0.0490092 -27267.1 0.114994 4208.93
1.29245e-05 8154.79 17.452 640092 -0.0490066 -31368.8 0.130484 4785.81
1.29245e-05 12924.5 20.0555 736988 -0.0490049 -36116.1 0.148322 5450.47
1.29245e-05 20483.9 22.9925 846418 -0.0490039 -41477.8 0.168004 6184.69
1.29245e-05 32464.8 26.0467 960432 -0.0490032 -47064.3 0.187879 6927.76
1.29245e-05 51453.2 28.8834 1.06667e+06 -0.0490028 -52270 0.205005 7570.91
1.29245e-05 81547.9 31.639 1.17013e+06 -0.0490025 -57339.3 0.220842 8167.56
2.04839e-05 1.29245 0.824229 14083.3 -0.0774775 -1091.14 0.0220975 377.572
2.04839e-05 2.04839 0.987337 17489.9 -0.0669694 -1171.29 0.0212225 375.939
2.04839e-05 3.24648 1.27432 23798.3 -0.0603391 -1435.97 0.0213994 399.641
2.04839e-05 5.14532 1.63219 32057.2 -0.0561557 -1800.19 0.0225293 442.489
2.04839e-05 8.15479 2.04558 41794.6 -0.0535162 -2236.69 0.0244514 499.582
2.04839e-05 12.9245 2.50613 52721.2 -0.0518507 -2733.63 0.026981 567.596
2.04839e-05 20.4839 3.01783 64854.7 -0.0507999 -3294.61 0.0301252 647.405
2.04839e-05 32.4648 3.57906 78132.1 -0.0501369 -3917.3 0.0338482 738.919
2.04839e-05 51.4532 4.17906 92307.9 -0.0497186 -4589.41 0.037835 835.707
2.04839e-05 81.5479 4.8168 107355 -0.0494546 -5309.21 0.0420088 936.277
2.04839e-05 129.245 5.48872 123198 -0.0492881 -6072.21 0.0463136 1039.54
2.04839e-05 204.839 6.19267 139795 -0.049183 -6875.51 0.0507177 1144.91
2.04839e-05 324.648 6.92872 157152 -0.0491167 -7718.8 0.0552172 1252.4
2.04839e-05 514.532 7.69864 175318 -0.0490748 -8603.7 0.0598281 1362.44
2.04839e-05 815.479 8.5108 194488 -0.0490484 -9539.35 0.0646258 1476.83
2.04839e-05 1292.45 9.40121 215496 -0.0490318 -10566.2 0.0699069 1602.42
2.04839e-05 2048.39 10.3898 238810 -0.0490213 -11706.8 0.0758396 1743.18
2.04839e-05 3246.48 11.603 267357 -0.0490146 -13104.4 0.0834095 1921.92
2.04839e-05 5145.32 13.0792 302053 -0.0490105 -14803.7 0.092852 2144.33
2.04839e-05 8154.79 14.9745 346539 -0.0490078 -16983.1 0.105286 2436.52
2.04839e-05 12924.5 17.1631 397948 -0.0490062 -19501.9 0.119594 2772.93
2.04839e-05 20483.9 19.6263 455867 -0.0490051 -22339.8 0.135366 3144.19
2.04839e-05 32464.8 22.1803 516041 -0.0490044 -25288.3 0.151271 3519.43
2.04839e-05 51453.2 24.5376 571765 -0.049004 -28018.8 0.164927 3843.05
2.04839e-05 81547.9 26.8182 625810 -0.0490038 -30667.1 0.177519 4142.44
3.24648e-05 1.29245 0.73814 7976.69 -0.0774806 -618.038 0.0162207 175.289
3.24648e-05 2.04839 0.896536 10040.9 -0.066972 -672.458 0.015366 172.094
3.24648e-05 3.24648 1.16196 13712.9 -0.0603415 -827.454 0.0155215 183.178
3.24648e-05 5.14532 1.48551 18428.9 -0.056158 -1034.93 0.0165778 205.66
3.24648e-05 8.15479 1.85379 23915.5 -0.0535183 -1279.92 0.0183509 236.742
3.24648e-05 12.9245 2.25933 30003.4 -0.0518528 -1555.76 0.0206376 274.063
3.24648e-05 20.4839 2.70772 36727 -0.0508019 -1865.8 0.0234265 317.752
3.24648e-05 32.4648 3.19781 44055.6 -0.0501389 -2208.9 0.0266724 367.46
3.24648e-05 51.4532 3.71782 51820.9 -0.0497205 -2576.56 0.0300937 419.462
3.24648e-05 81.5479 4.26664 60004.8 -0.0494566 -2967.63 0.0336276 472.929
3.24648e-05 129.245 4.8414 68568.9 -0.04929 -3379.76 0.0372327 527.328
3.24648e-05 204.839 5.44037 77491.7 -0.0491849 -3811.42 0.0408867 582.383
3.24648e-05 324.648 6.0636 86777.5 -0.0491186 -4262.39 0.044589 638.123
3.24648e-05 514.532 6.71259 96451.3 -0.0490768 -4733.52 0.0483549 694.798
3.24648e-05 815.479 7.39482 106624 -0.0490504 -5229.95 0.0522482 753.353
3.24648e-05 1292.45 8.14119 117746 -0.0490337 -5773.51 0.0565086 817.283
3.24648e-05 2048.39 8.96881 130071 -0.0490232 -6376.51 0.0612734 888.625
3.24648e-05 3246.48 9.98526 145171 -0.0490166 -7115.79 0.0673355 978.959
3.24648e-05 5145.32 11.2225 163526 -0.0490124 -8014.82 0.0748884 1091.23
3.24648e-05 8154.79 12.8123 187080 -0.0490098 -9168.72 0.0848373 1238.76
3.24648e-05 12924.5 14.6456 214258 -0.0490081 -10500.4 0.0962828 1408.57
3.24648e-05 20483.9 16.7035 244798 -0.049007 -11996.8 0.108887 1595.79
3.24648e-05 32464.8 18.8309 276432 -0.0490064 -13546.9 0.121577 1784.71
3.24648e-05 51453.2 20.7815 305535 -0.049006 -14973.1 0.132421 1946.89
3.24648e-05 81547.9 22.6605 333643 -0.0490057 -16350.4 0.142384 2096.4
5.14532e-05 1.29245 0.662647 4528.78 -0.0774854 -350.914 0.0132756 90.7305
5.14532e-05 2.04839 0.816367 5780.44 -0.0669762 -387.152 0.0122338 86.6237
5.14532e-05 3.24648 1.06109 7913.17 -0.0603453 -477.523 0.0121744 90.7919
5.14532e-05 5.14532 1.35265 10599.2 -0.0561615 -595.266 0.0129593 101.548
5.14532e-05 8.15479 1.6796 13681.7 -0.0535217 -732.266 0.0144106 117.385
5.14532e-05 12.9245 2.0356 17064.4 -0.051856 -884.891 0.0163219 136.826
5.14532e-05 20.4839 2.42697 20776.9 -0.0508051 -1055.57 0.0186606 159.75
5.14532e-05 32.4648 2.85329 24807.4 -0.050142 -1243.89 0.0213785 185.871
5.14532e-05 51.4532 3.30202 29043.6 -0.0497236 -1444.16 0.0242245 213.073
5.14532e-05 81.5479 3.77232 33476.8 -0.0494597 -1655.75 0.0271443 240.888
5.14532e-05 129.245 4.26175 38086.1 -0.0492931 -1877.38 0.0301029 269.022
5.14532e-05 204.839 4.76889 42860.6 -0.049188 -2108.23 0.0330827 297.333
5.14532e-05 324.648 5.29397 47804.4 -0.0491217 -2348.23 0.0360845 325.842
5.14532e-05 514.532 5.83847 52932.6 -0.0490799 -2597.92 0.0391219 354.686
5.14532e-05 815.479 6.40876 58304.9 -0.0490535 -2860.06 0.042246 384.341
5.14532e-05 1292.45 7.03131 64164.7 -0.0490368 -3146.43 0.0456499 416.582
5.14532e-05 2048.39 7.72082 70649.9 -0.0490263 -3463.7 0.049445 452.45
5.14532e-05 3246.48 8.5688 78603.6 -0.0490197 -3853.12 0.054268 497.813
5.14532e-05 5145.32 9.60154 88275.9 -0.0490155 -4326.89 0.060277 554.182
5.14532e-05 8154.79 10.9297 100695 -0.0490128 -4935.34 0.0682004 628.329
5.14532e-05 12924.5 12.459 115004 -0.0490112 -5636.5 0.077318 713.692
5.14532e-05 20483.9 14.1712 131041 -0.0490101 -6422.32 0.0873512 807.734
5.14532e-05 32464.8 15.9357 147601 -0.0490095 -7233.83 0.0974364 902.48
5.14532e-05 51453.2 17.5424 162733 -0.049009 -7975.38 0.106007 983.374
5.14532e-05 81547.9 19.0832 177282 -0.0490088 -8688.37 0.113848 1057.64
8.15479e-05 1.29245 0.596767 2579.32 -0.0774931 -199.88 0.0121585 52.5511
8.15479e-05 2.04839 0.745696 3338.09 -0.0669829 -223.595 0.0109033 48.8083
8.15479e-05 3.24648 0.970593 4573.94 -0.0603513 -276.043 0.0105632 49.7791
8.15479e-05 5.14532 1.23237 6099.36 -0.0561671 -342.583 0.0109685 54.2865
8.15479e-05 8.15479 1.52163 7826.15 -0.053527 -418.91 0.0119876 61.6555
8.15479e-05 12.9245 1.83279 9698.71 -0.0518612 -502.986 0.0134406 71.1247
8.15479e-05 20.4839 2.17299 11741 -0.0508102 -596.562 0.0152805 82.5632
8.15479e-05 32.4648 2.5421 13948 -0.050147 -699.452 0.0174547 95.7708
8.15479e-05 51.4532 2.92751 16248.9 -0.0497286 -808.035 0.0197445 109.59
8.15479e-05 81.5479 3.32853 18639 -0.0494646 -921.972 0.022095 123.727
8.15479e-05 129.245 3.74328 21108.3 -0.049298 -1040.6 0.0244732 138.004
8.15479e-05 204.839 4.17056 23651 -0.0491929 -1163.46 0.0268616 152.33
8.15479e-05 324.648 4.61067 26269.9 -0.0491266 -1290.55 0.0292593 166.709
8.15479e-05 514.532 5.06503 28974.2 -0.0490847 -1422.19 0.0316769 181.206
8.15479e-05 815.479 5.53913 31796.3 -0.0490583 -1559.87 0.0341551 196.06
8.15479e-05 1292.45 6.05562 34867.5 -0.0490417 -1709.96 0.0368471 212.161
8.15479e-05 2048.39 6.62713 38262.6 -0.0490312 -1876.06 0.0398425 230.036
8.15479e-05 3246.48 7.33116 42432.2 -0.0490245 -2080.22 0.0436498 252.641
8.15479e-05 5145.32 8.18923 47505.6 -0.0490203 -2328.74 0.0483979 280.755
8.15479e-05 8154.79 9.29376 54024.6 -0.0490177 -2648.16 0.0546713 317.804
8.15479e-05 12924.5 10.5639 61525.6 -0.049016 -3015.74 0.0618974 360.497
8.15479e-05 20483.9 11.9822 69909.7 -0.049015 -3426.62 0.0698472 407.519
8.15479e-05 32464.8 13.4393 78540.3 -0.0490143 -3849.6 0.0778269 454.827
8.15479e-05 51453.2 14.7562 86369.6 -0.0490139 -4233.31 0.0845678 494.983
8.15479e-05 81547.9 16.0131 93861.3 -0.0490136 -4600.49 0.0907077 531.687
0.000129245 1.29245 0.539766 1475.35 -0.0775053 -114.348 0.0118261 32.3245
0.000129245 2.04839 0.68373 1934.95 -0.0669934 -129.629 0.0104433 29.5543
0.000129245 3.24648 0.88945 2648.61 -0.0603608 -159.872 0.0098792 29.4184
0.000129245 5.14532 1.12348 3512.06 -0.0561759 -197.293 0.00993042 31.0429
0.000129245 8.15479 1.37818 4475.59 -0.0535354 -239.603 0.0105188 34.1593
0.000129245 12.9245 1.64908 5508.59 -0.0518693 -285.727 0.0115142 38.4622
0.000129245 20.4839 1.94333 6627.09 -0.0508182 -336.777 0.0128661 43.8759
0.000129245 32.4648 2.2613 7829.99 -0.0501549 -392.712 0.0145248 50.2938
0.000129245 51.4532 2.59067 9073.83 -0.0497364 -451.3 0.0163041 57.1052
0.000129245 81.5479 2.93087 10356.2 -0.0494723 -512.346 0.0181463 64.1197
0.000129245 129.245 3.28037 11672 -0.0493057 -575.496 0.0200168 71.2225
0.000129245 204.839 3.63833 13018.8 -0.0492006 -640.532 0.0218972 78.3533
0.000129245 324.648 4.0051 14398.5 -0.0491343 -707.459 0.0237836 85.5028
0.000129245 514.532 4.38195 15816.2 -0.0490925 -776.454 0.0256822 92.6972
0.000129245 815.479 4.77373 17290 -0.049066 -848.352 0.0276246 100.054
0.000129245 1292.45 5.19974 18890.6 -0.0490494 -926.571 0.029731 108.012
0.000129245 2048.39 5.67076 20658.1 -0.0490389 -1013.05 0.0320726 116.838
0.000129245 3246.48 6.25215 22832.4 -0.0490322 -1119.52 0.0350513 128.005
0.000129245 5145.32 6.9615 25480.3 -0.0490281 -1249.25 0.0387735 141.918
0.000129245 8154.79 7.87589 28886.8 -0.0490254 -1416.19 0.0437089 160.313
0.000129245 12924.5 8.92602 32801 -0.0490237 -1608.03 0.0494054 181.553
0.000129245 20483.9 10.0953 37163.6 -0.0490227 -1821.86 0.0556738 204.951
0.000129245 32464.8 11.2925 41639.5 -0.049022 -2041.25 0.0619584 228.463
0.000129245 51453.2 12.3662 45669 -0.0490216 -2238.77 0.0672336 248.297
0.000129245 81547.9 13.3856 49505 -0.0490214 -2426.8 0.0720147 266.338
0.000204839 1.29245 0.491019 848.726 -0.0775246 -65.7971 0.0116084 20.0651
0.000204839 2.04839 0.629608 1126.4 -0.0670101 -75.4804 0.0102036 18.2548
0.000204839 3.24648 0.816778 1536.87 -0.0603758 -92.7901 0.00950759 17.8898
0.000204839 5.14532 1.02497 2023.72 -0.0561899 -113.713 0.00930446 18.371
0.000204839 8.15479 1.24817 2559.29 -0.0535487 -137.047 0.00954984 19.5813
0.000204839 12.9245 1.48277 3126.61 -0.0518823 -162.216 0.0101581 21.4196
0.000204839 20.4839 1.73602 3736.48 -0.0508308 -189.928 0.0110895 23.8681
0.000204839 32.4648 2.00843 4388.78 -0.0501674 -220.174 0.0122999 26.8774
0.000204839 51.4532 2.28826 5057.53 -0.0497488 -251.606 0.0136365 30.1394
0.000204839 81.5479 2.57515 5741.72 -0.0494847 -284.127 0.0150435 33.5418
0.000204839 129.245 2.86789 6438.82 -0.049318 -317.55 0.0164843 37.0097
0.000204839 204.839 3.16586 7147.84 -0.0492129 -351.766 0.017939 40.5026
0.000204839 324.648 3.46952 7870.12 -0.0491465 -386.789 0.0194014 44.0093
0.000204839 514.532 3.78009 8608.8 -0.0491047 -422.732 0.0208739 47.5385
0.000204839 815.479 4.10174 9373.66 -0.0490783 -460.043 0.0223794 51.1435
0.000204839 1292.45 4.45084 10202.6 -0.0490616 -500.554 0.0240103 55.0382
0.000204839 2048.39 4.83661 11117.1 -0.0490511 -545.308 0.0258221 59.3532
0.000204839 3246.48 5.31398 12244.6 -0.0490445 -600.53 0.0281303 64.8186
0.000204839 5145.32 5.89725 13619.2 -0.0490403 -667.89 0.0310234 71.6459
0.000204839 8154.79 6.6503 15390.1 -0.0490376 -754.696 0.0348772 80.7128
0.000204839 12924.5 7.51405 17422.3 -0.049036 -854.317 0.0393401 91.215
0.000204839 20483.9 8.47307 19680.7 -0.0490349 -965.042 0.0442568 102.797
0.000204839 32464.8 9.45159 21989.8 -0.0490342 -1078.25 0.0491839 114.43
0.000204839 51453.2 10.322 24051.8 -0.0490338 -1179.35 0.0532947 124.185
0.000204839 81547.9 11.1437 26004.1 -0.0490336 -1275.07 0.0570022 133.016
0.000324648 1.29245 0.449829 491.678 -0.0775552 -38.1322 0.0112243 12.2685
0.000324648 2.04839 0.58266 658.971 -0.0670365 -44.1751 0.00987599 11.1694
0.000324648 3.24648 0.751754 893.794 -0.0603996 -53.9848 0.00912094 10.8443
0.000324648 5.14532 0.93585 1167.04 -0.056212 -65.6019 0.0087633 10.9282
0.000324648 8.15479 1.13037 1463.4 -0.0535698 -78.3942 0.0087752 11.3605
0.000324648 12.9245 1.33243 1773.53 -0.0519027 -92.0513 0.00909886 12.111
0.000324648 20.4839 1.54901 2104.21 -0.0508509 -107.001 0.00970614 13.185
0.000324648 32.4648 1.78096 2455.97 -0.0501872 -123.258 0.0105587 14.5606
0.000324648 51.4532 2.01725 2813.49 -0.0497684 -140.023 0.0115366 16.0902
0.000324648 81.5479 2.25756 3176.23 -0.0495042 -157.236 0.0125881 17.7106
0.000324648 129.245 2.50109 3543.19 -0.0493375 -174.812 0.0136792 19.3789
0.000324648 204.839 2.74745 3914.05 -0.0492323 -192.698 0.0147892 21.0689
0.000324648 324.648 2.99709 4289.64 -0.0491659 -210.904 0.0159092 22.7704
0.000324648 514.532 3.25111 4671.73 -0.0491241 -229.494 0.0170392 24.4847
0.000324648 815.479 3.51319 5065.78 -0.0490976 -248.718 0.0181944 26.2351
0.000324648 1292.45 3.7972 5492.02 -0.049081 -269.554 0.0194451 28.1241
0.000324648 2048.39 4.11096 5962.07 -0.0490704 -292.561 0.020834 30.2153
0.000324648 3246.48 4.50048 6543.12 -0.0490638 -321.03 0.0226053 32.8652
0.000324648 5145.32 4.97728 7252.63 -0.0490596 -355.811 0.0248335 36.186
0.000324648 8154.79 5.5941 8168.3 -0.049057 -400.712 0.0278198 40.6215
0.000324648 12924.5 6.30073 9217.67 -0.0490553 -452.176 0.0312961 45.7847
0.000324648 20483.9 7.08295 10380.4 -0.0490543 -509.203 0.035136 51.4935
0.000324648 32464.8 7.87816 11564.9 -0.0490536 -567.299 0.0389854 57.2292
0.000324648 51453.2 8.57927 12613.5 -0.0490532 -618.733 0.0421767 62.0095
0.000324648 81547.9 9.23719 13600.4 -0.0490529 -667.14 0.0450394 66.314
0.000514532 1.29245 0.415736 287.344 -0.0776036 -22.2989 0.0105924 7.32118
0.000514532 2.04839 0.542071 387.545 -0.0670784 -25.9959 0.00936693 6.69674
0.000514532 3.24648 0.693667 521.113 -0.0604373 -31.4947 0.00859934 6.4602
0.000514532 5.14532 0.855319 673.663 -0.0562471 -37.8916 0.00816326 6.42951
0.000514532 8.15479 1.02379 836.845 -0.0536033 -44.8577 0.00803569 6.56836
0.000514532 12.9245 1.19676 1005.53 -0.0519351 -52.2223 0.00817332 6.86731
0.000514532 20.4839 1.38081 1183.84 -0.0508826 -60.237 0.00855613 7.33565
0.000514532 32.4648 1.57683 1372.26 -0.0502185 -68.9129 0.00914681 7.96014
0.000514532 51.4532 1.77489 1562.1 -0.0497995 -77.792 0.00985191 8.6708
0.000514532 81.5479 1.97478 1753.17 -0.0495351 -86.8436 0.0106301 9.43722
0.000514532 129.245 2.17585 1944.98 -0.0493683 -96.0204 0.011449 10.2343
0.000514532 204.839 2.37789 2137.48 -0.049263 -105.299 0.0122891 11.0467
0.000514532 324.648 2.58143 2331.26 -0.0491966 -114.69 0.0131413 11.8677
0.000514532 514.532 2.78751 2527.36 -0.0491547 -124.232 0.014003 12.6962
0.000514532 815.479 2.99931 2728.79 -0.0491283 -134.061 0.0148848 13.5423
0.000514532 1292.45 3.22852 2946.29 -0.0491116 -144.697 0.0158379 14.4534
0.000514532 2048.39 3.48175 3186.06 -0.0491011 -156.439 0.0168945 15.4597
0.000514532 3246.48 3.79738 3483.47 -0.0490944 -171.019 0.0182414 16.7334
0.000514532 5145.32 4.18463 3847.35 -0.0490902 -188.867 0.0199424 18.335
0.000514532 8154.79 4.68679 4317.95 -0.0490876 -211.958 0.0222397 20.4895
0.000514532 12924.5 5.26142 4856.62 -0.0490859 -238.392 0.0249337 23.0154
0.000514532 20483.9 5.89558 5451.64 -0.0490849 -267.593 0.0279229 25.8202
0.000514532 32464.8 6.5378 6055.49 -0.0490842 -297.229 0.0309238 28.6425
0.000514532 51453.2 7.0987 6585.14 -0.0490838 -323.224 0.0333969 30.9808
0.000514532 81547.9 7.62158 7080.4 -0.0490835 -347.531 0.035603 33.075
0.000815479 1.29245 0.387971 169.559 -0.0776802 -13.1713 0.00974168 4.2575
0.000815479 2.04839 0.507118 229.18 -0.0671445 -15.3882 0.00868526 3.92509
0.000815479 3.24648 0.641738 304.612 -0.0604969 -18.4281 0.00793377 3.7659
0.000815479 5.14532 0.782656 389.325 -0.0563026 -21.92 0.00747315 3.71746
0.000815479 8.15479 0.927459 478.649 -0.0536562 -25.6825 0.00727808 3.75612
0.000815479 12.9245 1.07454 569.903 -0.0519863 -29.6272 0.00730989 3.87695
0.000815479 20.4839 1.2297 665.402 -0.0509328 -33.8908 0.00755324 4.08714
0.000815479 32.4648 1.3941 765.64 -0.050268 -38.4872 0.00796811 4.3761
0.000815479 51.4532 1.55878 865.714 -0.0498486 -43.1546 0.00848003 4.70964
0.000815479 81.5479 1.72363 965.57 -0.0495839 -47.8768 0.00905816 5.07434
0.000815479 129.245 1.88819 1065.01 -0.049417 -52.6297 0.00967464 5.45687
0.000815479 204.839 2.05243 1164.1 -0.0493116 -57.4038 0.0103122 5.84892
0.000815479 324.648 2.21687 1263.22 -0.0492451 -62.2075 0.0109618 6.24626
0.000815479 514.532 2.38243 1362.94 -0.0492032 -67.0612 0.0116196 6.64738
0.000815479 815.479 2.55192 1464.94 -0.0491767 -72.041 0.0122926 7.0566
0.000815479 1292.45 2.73518 1574.92 -0.04916 -77.4233 0.0130174 7.49547
0.000815479 2048.39 2.93777 1696.19 -0.0491495 -83.3671 0.0138181 7.97822
0.000815479 3246.48 3.19156 1847.27 -0.0491428 -90.7802 0.0148356 8.58682
0.000815479 5145.32 3.50385 2032.59 -0.0491387 -99.8789 0.0161253 9.35432
0.000815479 8154.79 3.91002 2272.91 -0.049136 -111.681 0.0178828 10.3953
0.000815479 12924.5 4.37431 2547.66 -0.0491343 -125.177 0.0199643 11.6275
0.000815479 20483.9 4.88504 2850.16 -0.0491333 -140.038 0.0222889 13.0044
0.000815479 32464.8 5.40016 3155.9 -0.0491326 -155.058 0.0246291 14.3935
0.000815479 51453.2 5.84545 3421.4 -0.0491322 -168.101 0.0265459 15.5376
0.000815479 81547.9 6.25755 3667.9 -0.0491319 -180.211 0.0282453 16.5562
0.00129245 1.29245 0.366032 101.148 -0.0778011 -7.86943 0.00873555 2.41396
0.00129245 2.04839 0.476951 136.247 -0.067249 -9.16248 0.00788182 2.25154
0.00129245 3.24648 0.595263 178.524 -0.0605911 -10.817 0.00716728 2.14952
0.00129245 5.14532 0.717025 225.267 -0.0563902 -12.7028 0.00672228 2.11193
0.00129245 8.15479 0.840572 273.895 -0.0537397 -14.719 0.0065132 2.12228
0.00129245 12.9245 0.964658 322.955 -0.0520673 -16.8154 0.00649945 2.17593
0.00129245 20.4839 1.09428 373.714 -0.0510121 -19.0639 0.00666666 2.27676
0.00129245 32.4648 1.23088 426.605 -0.0503463 -21.478 0.006973 2.41675
0.00129245 51.4532 1.3666 478.944 -0.0499262 -23.9119 0.00735663 2.57823
0.00129245 81.5479 1.50121 530.658 -0.0496611 -26.3531 0.00779551 2.75561
0.00129245 129.245 1.63455 581.74 -0.0494939 -28.7926 0.0082672 2.94231
0.00129245 204.839 1.76665 632.249 -0.0493884 -31.2257 0.00875716 3.13402
0.00129245 324.648 1.89803 682.419 -0.0493218 -33.6581 0.00925725 3.32836
0.00129245 514.532 2.0296 732.612 -0.0492798 -36.103 0.00976393 3.52442
0.00129245 815.479 2.16374 783.721 -0.0492533 -38.6008 0.0102808 3.72379
0.00129245 1292.45 2.30871 838.776 -0.0492365 -41.2984 0.0108341 3.93614
0.00129245 2048.39 2.46919 899.527 -0.049226 -44.2801 0.0114414 4.16809
0.00129245 3246.48 2.67147 975.616 -0.0492193 -48.0192 0.0122078 4.45828
0.00129245 5145.32 2.92129 1069.25 -0.0492151 -52.6234 0.0131821 4.82493
0.00129245 8154.79 3.2474 1191.07 -0.0492125 -58.6157 0.0145237 5.32696
0.00129245 12924.5 3.61984 1330.21 -0.0492108 -65.4609 0.0161319 5.92813
0.00129245 20483.9 4.02816 1482.89 -0.0492098 -72.9725 0.0179428 6.60529
0.00129245 32464.8 4.43823 1636.54 -0.0492091 -80.5327 0.0197727 7.29095
0.00129245 51453.2 4.78876 1768.52 -0.0492087 -87.0264 0.0212615 7.85199
0.00129245 81547.9 5.11057 1890.09 -0.0492084 -93.0083 0.022572 8.348
0.00204839 1.29245 0.34895 60.9684 -0.0779917 -4.75502 0.00766279 1.33884
0.00204839 2.04839 0.450586 81.3585 -0.0674138 -5.48468 0.0070167 1.26695
0.00204839 3.24648 0.553468 104.874 -0.0607395 -6.37003 0.00636189 1.20549
0.00204839 5.14532 0.657724 130.505 -0.0565284 -7.37722 0.00596675 1.18391
0.00204839 8.15479 0.762273 156.822 -0.0538713 -8.4482 0.00578306 1.18974
0.00204839 12.9245 0.866033 183.019 -0.0521948 -9.55265 0.00576546 1.21842
0.00204839 20.4839 0.973262 209.782 -0.051137 -10.7276 0.00589741 1.27116
0.00204839 32.4648 1.08545 237.415 -0.0504696 -11.9822 0.00613904 1.34276
0.00204839 51.4532 1.1961 264.525 -0.0500485 -13.2391 0.00643925 1.42408
0.00204839 81.5479 1.3048 291.041 -0.0497828 -14.4888 0.00678275 1.51292
0.00204839 129.245 1.41155 316.996 -0.0496151 -15.7278 0.00715178 1.6061
0.00204839 204.839 1.51648 342.447 -0.0495094 -16.9543 0.0075346 1.70144
0.00204839 324.648 1.6201 367.538 -0.0494426 -18.172 0.00792463 1.7978
0.00204839 514.532 1.72324 392.482 -0.0494005 -19.3888 0.00831896 1.89471
0.00204839 815.479 1.82798 417.769 -0.0493739 -20.6269 0.00871922 1.9927
0.00204839 1292.45 1.9412 444.993 -0.0493572 -21.9636 0.00914375 2.09608
0.00204839 2048.39 2.06679 475.076 -0.0493466 -23.4434 0.00960529 2.20788
0.00204839 3246.48 2.22639 513.022 -0.0493399 -25.3124 0.010183 2.34645
0.00204839 5145.32 2.42445 559.918 -0.0493357 -27.624 0.0109191 2.52173
0.00204839 8154.79 2.68415 621.176 -0.049333 -30.6445 0.0119443 2.76419
0.00204839 12924.5 2.98052 691.081 -0.0493314 -34.092 0.0131898 3.05826
0.00204839 20483.9 3.30429 767.51 -0.0493303 -37.8615 0.0146044 3.39227
0.00204839 32464.8 3.62795 844.078 -0.0493296 -41.6381 0.0160393 3.73169
0.00204839 51453.2 3.90123 909.06 -0.0493292 -44.8432 0.0171961 4.00702
0.00204839 81547.9 4.14988 968.395 -0.049329 -47.7699 0.0182049 4.24821
0.00324648 1.29245 0.336008 37.1174 -0.0782912 -2.90596 0.00662016 0.731299
0.00324648 2.04839 0.426994 48.7308 -0.0676727 -3.29774 0.00614027 0.700759
0.00324648 3.24648 0.515544 61.7199 -0.0609728 -3.76323 0.00558071 0.668111
0.00324648 5.14532 0.604033 75.6941 -0.0567455 -4.2953 0.0052666 0.659981
0.00324648 8.15479 0.691646 89.8404 -0.0540782 -4.85841 0.00513433 0.666917
0.00324648 12.9245 0.777613 103.735 -0.0523952 -5.43522 0.00513498 0.685015
0.00324648 20.4839 0.865149 117.697 -0.0513334 -6.04178 0.00524717 0.713837
0.00324648 32.4648 0.956135 131.98 -0.0506634 -6.68657 0.00544482 0.751577
0.00324648 51.4532 1.04514 145.861 -0.0502407 -7.32814 0.00568681 0.793655
0.00324648 81.5479 1.1317 159.29 -0.049974 -7.96037 0.00596027 0.838923
0.00324648 129.245 1.21592 172.303 -0.0498057 -8.58168 0.00625174 0.885912
0.00324648 204.839 1.29796 184.945 -0.0496995 -9.19169 0.00655264 0.93368
0.00324648 324.648 1.37837 197.309 -0.0496325 -9.79292 0.00685786 0.981679
0.00324648 514.532 1.45791 209.517 -0.0495902 -10.39 0.00716453 1.02962
0.00324648 815.479 1.53835 221.837 -0.0495635 -10.995 0.00747394 1.07778
0.00324648 1292.45 1.62541 235.103 -0.0495467 -11.6486 0.00779898 1.12806
0.00324648 2048.39 1.72234 249.801 -0.0495361 -12.3742 0.00814875 1.18186
0.00324648 3246.48 1.84678 268.509 -0.0495294 -13.2991 0.00858275 1.24787
0.00324648 5145.32 2.00216 291.756 -0.0495252 -14.4492 0.00913686 1.33143
0.00324648 8154.79 2.20701 322.271 -0.0495225 -15.9597 0.00991819 1.44827
0.00324648 12924.5 2.44067 357.071 -0.0495208 -17.6824 0.0108804 1.5918
0.00324648 20483.9 2.69501 394.979 -0.0495197 -19.5593 0.0119825 1.75615
0.00324648 32464.8 2.948 432.77 -0.0495191 -21.4304 0.0131035 1.92362
0.00324648 51453.2 3.15871 464.416 -0.0495186 -22.9973 0.0139956 2.05773
0.00324648 81547.9 3.34846 493.025 -0.0495184 -24.4138 0.0147632 2.17372
0.00514532 1.29245 0.326085 22.7738 -0.0787593 -1.79365 0.00572576 0.399887
0.00514532 2.04839 0.405238 29.2307 -0.0680773 -1.98995 0.00530868 0.382927
0.00514532 3.24648 0.480777 36.3654 -0.0613374 -2.23056 0.00489375 0.370157
0.00514532 5.14532 0.555224 43.9443 -0.0570848 -2.50855 0.00468216 0.370579
0.00514532 8.15479 0.62793 51.5005 -0.0544016 -2.80171 0.00460617 0.377781
0.00514532 12.9245 0.698347 58.8106 -0.0527086 -3.09982 0.00462402 0.389407
0.00514532 20.4839 0.768671 66.0044 -0.0516404 -3.40849 0.00470929 0.404379
0.00514532 32.4648 0.841188 73.2821 -0.0509664 -3.73492 0.00486061 0.423444
0.00514532 51.4532 0.911661 80.2938 -0.0505411 -4.05814 0.00505047 0.444815
0.00514532 81.5479 0.979392 86.9918 -0.0502728 -4.37332 0.00526233 0.467412
0.00514532 129.245 1.04458 93.408 -0.0501035 -4.68007 0.00548702 0.490657
0.00514532 204.839 1.10748 99.5774 -0.0499967 -4.97854 0.00571781 0.514108
0.00514532 324.648 1.1686 105.556 -0.0499293 -5.27035 0.00595065 0.537505
0.00514532 514.532 1.22863 111.415 -0.0498867 -5.55815 0.00618339 0.560724
0.00514532 815.479 1.28911 117.3 -0.0498599 -5.84858 0.00641619 0.583829
0.00514532 1292.45 1.35475 123.647 -0.049843 -6.16293 0.00665825 0.607691
0.00514532 2048.39 1.42824 130.708 -0.0498323 -6.51348 0.00691585 0.632917
0.00514532 3246.48 1.52389 139.805 -0.0498256 -6.96586 0.00723325 0.663594
0.00514532 5145.32 1.6443 151.19 -0.0498213 -7.53249 0.00763976 0.702462
0.00514532 8154.79 1.80413 166.228 -0.0498186 -8.28127 0.00822182 0.757542
0.00514532 12924.5 1.9864 183.372 -0.0498169 -9.13501 0.00894903 0.826118
0.00514532 20483.9 2.18403 201.973 -0.0498159 -10.0615 0.00978862 0.905223
0.00514532 32464.8 2.37957 220.418 -0.0498152 -10.9802 0.0106445 0.985996
0.00514532 51453.2 2.53994 235.635 -0.0498148 -11.7381 0.0113132 1.04954
0.00514532 81547.9 2.68267 249.236 -0.0498145 -12.4155 0.011878 1.10354
0.00815479 1.29245 0.318615 14.0692 -0.079485 -1.11829 0.00516626 0.228128
0.00815479 2.04839 0.384659 17.5376 -0.0687046 -1.20492 0.00467395 0.213098
0.00815479 3.24648 0.44874 21.4465 -0.0619026 -1.32759 0.00442716 0.211586
0.00815479 5.14532 0.510824 25.538 -0.0576108 -1.47126 0.00429711 0.214829
0.00815479 8.15479 0.570481 29.5467 -0.0549028 -1.6222 0.00424468 0.219844
0.00815479 12.9245 0.627342 33.3556 -0.0531942 -1.77432 0.00424953 0.225946
0.00815479 20.4839 0.682666 37.0046 -0.0521162 -1.92854 0.00428351 0.232192
0.00815479 32.4648 0.739191 40.6472 -0.051436 -2.09073 0.00437057 0.240332
0.00815479 51.4532 0.793791 44.1256 -0.0510068 -2.25071 0.00449871 0.250076
0.00815479 81.5479 0.845538 47.399 -0.050736 -2.40484 0.0046448 0.260377
0.00815479 129.245 0.894748 50.4941 -0.0505652 -2.55324 0.00480199 0.270995
0.00815479 204.839 0.9417 53.4348 -0.0504573 -2.69618 0.00496459 0.281705
0.00815479 324.648 0.986881 56.255 -0.0503893 -2.83465 0.00512887 0.29236
0.00815479 514.532 1.03093 58.996 -0.0503464 -2.97024 0.00529248 0.302869
0.00815479 815.479 1.07516 61.7373 -0.0503193 -3.10658 0.00545502 0.313236
0.00815479 1292.45 1.12342 64.7037 -0.0503022 -3.25474 0.00562208 0.323805
0.00815479 2048.39 1.17791 68.0259 -0.0502915 -3.42112 0.00579729 0.334801
0.00815479 3246.48 1.25015 72.3749 -0.0502847 -3.63935 0.00601101 0.347996
0.00815479 5145.32 1.34206 77.8699 -0.0502804 -3.91533 0.00628582 0.36472
0.00815479 8154.79 1.46517 85.1882 -0.0502777 -4.28306 0.00668821 0.388868
0.00815479 12924.5 1.60562 93.5317 -0.050276 -4.7024 0.00720178 0.419524
0.00815479 20483.9 1.75727 102.547 -0.0502749 -5.15553 0.00780225 0.455305
0.00815479 32464.8 1.90645 111.435 -0.0502742 -5.6023 0.00841745 0.492013
0.00815479 51453.2 2.02668 118.645 -0.0502738 -5.96472 0.00888717 0.520267
0.00815479 81547.9 2.13224 125.004 -0.0502735 -6.28438 0.00927452 0.543725
0.0129245 1.29245 0.313287 8.74903 -0.0805943 -0.705122 0.00514777 0.14376
0.0129245 2.04839 0.365456 10.5341 -0.0696634 -0.733838 0.00453692 0.130774
0.0129245 3.24648 0.41967 12.6766 -0.0627664 -0.795668 0.0043461 0.13128
0.0129245 5.14532 0.47091 14.8756 -0.0584148 -0.868953 0.00419634 0.132558
0.0129245 8.15479 0.519063 16.9826 -0.055669 -0.945406 0.00409185 0.133877
0.0129245 12.9245 0.564033 18.9407 -0.0539366 -1.0216 0.00403216 0.135404
0.0129245 20.4839 0.606292 20.7533 -0.0528435 -1.09668 0.00398854 0.136527
0.0129245 32.4648 0.648987 22.5327 -0.0521538 -1.17517 0.00399148 0.138584
0.0129245 51.4532 0.690019 24.2165 -0.0517186 -1.25244 0.00404215 0.141861
0.0129245 81.5479 0.728272 25.773 -0.051444 -1.32587 0.00411325 0.145565
0.0129245 129.245 0.764113 27.2214 -0.0512708 -1.39566 0.00419799 0.149553
0.0129245 204.839 0.797869 28.5785 -0.0511615 -1.46212 0.00429046 0.153678
0.0129245 324.648 0.830007 29.8649 -0.0510925 -1.52587 0.0043865 0.157833
0.0129245 514.532 0.861074 31.1034 -0.051049 -1.5878 0.00448312 0.161937
0.0129245 815.479 0.892199 32.337 -0.0510215 -1.64989 0.00457898 0.165961
0.0129245 1292.45 0.926509 33.6815 -0.0510042 -1.7179 0.00467577 0.169979
0.0129245 2048.39 0.965785 35.2039 -0.0509933 -1.79516 0.0047744 0.174032
0.0129245 3246.48 1.01921 37.2419 -0.0509864 -1.89883 0.00489155 0.178737
0.0129245 5145.32 1.08817 39.8504 -0.050982 -2.03165 0.00504315 0.184687
0.0129245 8154.79 1.18162 43.361 -0.0509793 -2.21051 0.00527544 0.193589
0.0129245 12924.5 1.28832 47.3662 -0.0509776 -2.41461 0.0055868 0.205403
0.0129245 20483.9 1.40306 51.675 -0.0509765 -2.63421 0.00596358 0.21964
0.0129245 32464.8 1.5152 55.8966 -0.0509758 -2.84937 0.00635707 0.234516
0.0129245 51453.2 1.60381 59.2556 -0.0509753 -3.02058 0.00665056 0.245717
0.0129245 81547.9 1.68035 62.1724 -0.0509751 -3.16924 0.00688564 0.254766
0.0204839 1.29245 0.311066 5.49871 -0.0822494 -0.452265 0.00552478 0.0976613
0.0204839 2.04839 0.34939 6.37176 -0.0710941 -0.452994 0.00488786 0.0891388
0.0204839 3.24648 0.394794 7.54297 -0.0640555 -0.483168 0.00454347 0.086808
0.0204839 5.14532 0.436231 8.71443 -0.0596144 -0.519506 0.00425904 0.0850812
0.0204839 8.15479 0.474029 9.80575 -0.0568123 -0.557087 0.0040425 0.083623
0.0204839 12.9245 0.508411 10.792 -0.0550443 -0.594037 0.00388876 0.0825463
0.0204839 20.4839 0.539262 11.6658 -0.0539287 -0.629121 0.00376769 0.081506
0.0204839 32.4648 0.570039 12.5061 -0.0532249 -0.665635 0.00369203 0.0809995
0.0204839 51.4532 0.599473 13.2923 -0.0527808 -0.701579 0.00366652 0.0812991
0.0204839 81.5479 0.626377 14.0037 -0.0525005 -0.735203 0.00366681 0.0819779
0.0204839 129.245 0.651139 14.653 -0.0523237 -0.766699 0.00368497 0.0829253
0.0204839 204.839 0.674096 15.251 -0.0522122 -0.796287 0.00371442 0.0840363
0.0204839 324.648 0.695677 15.8099 -0.0521418 -0.824357 0.0037503 0.085229
0.0204839 514.532 0.716362 16.3425 -0.0520974 -0.851402 0.0037889 0.0864368
0.0204839 815.479 0.737088 16.8716 -0.0520694 -0.878495 0.00382787 0.0876183
0.0204839 1292.45 0.760382 17.4564 -0.0520517 -0.908635 0.00386544 0.0887405
0.0204839 2048.39 0.787681 18.1312 -0.0520405 -0.943555 0.00390023 0.0897771
0.0204839 3246.48 0.826217 19.064 -0.0520335 -0.991964 0.0039366 0.0908323
0.0204839 5145.32 0.876961 20.2793 -0.0520291 -1.05511 0.0039849 0.0921488
0.0204839 8154.79 0.94677 21.9378 -0.0520263 -1.14134 0.0040734 0.0943855
0.0204839 12924.5 1.02665 23.833 -0.0520245 -1.2399 0.00421371 0.0978189
0.0204839 20483.9 1.11218 25.8632 -0.0520234 -1.34549 0.00440308 0.102392
0.0204839 32464.8 1.1952 27.8388 -0.0520227 -1.44825 0.00461423 0.107475
0.0204839 51453.2 1.2593 29.376 -0.0520222 -1.5282 0.00477036 0.111279
0.0204839 81547.9 1.31362 30.6862 -0.0520219 -1.59635 0.00489233 0.114285
0.0324648 1.29245 0.313527 3.5163 -0.0846143 -0.29753 0.00563538 0.0632025
0.0324648 2.04839 0.33921 3.92169 -0.0731382 -0.286826 0.00504826 0.0583642
0.0324648 3.24648 0.37592 4.55201 -0.0658973 -0.299965 0.00450115 0.0545044
0.0324648 5.14532 0.407917 5.16375 -0.0613285 -0.316685 0.00409456 0.0518323
0.0324648 8.15479 0.436028 5.71427 -0.0584458 -0.333975 0.0038009 0.049812
0.0324648 12.9245 0.46076 6.19455 -0.056627 -0.350778 0.0035958 0.0483426
0.0324648 20.4839 0.481733 6.59849 -0.0554793 -0.36608 0.00344526 0.0471911
0.0324648 32.4648 0.502259 6.9752 -0.0547552 -0.381929 0.00333811 0.0463586
0.0324648 51.4532 0.521832 7.32279 -0.0542984 -0.397616 0.00327666 0.0459809
0.0324648 81.5479 0.539265 7.6285 -0.0540101 -0.412016 0.00324148 0.0458544
0.0324648 129.245 0.554963 7.90085 -0.0538282 -0.425288 0.003224 0.0458992
0.0324648 204.839 0.569231 8.14625 -0.0537135 -0.437563 0.00321769 0.0460484
0.0324648 324.648 0.582435 8.37156 -0.053641 -0.449059 0.00321788 0.0462518
0.0324648 514.532 0.594986 8.58383 -0.0535954 -0.460053 0.00322112 0.0464709
0.0324648 815.479 0.607671 8.79527 -0.0535665 -0.471132 0.00322498 0.0466775
0.0324648 1292.45 0.622487 9.03557 -0.0535483 -0.48384 0.00322624 0.0468298
0.0324648 2048.39 0.640566 9.3219 -0.0535369 -0.499065 0.00322282 0.0469004
0.0324648 3246.48 0.667573 9.73756 -0.0535296 -0.521248 0.00321284 0.046864
0.0324648 5145.32 0.704165 10.2931 -0.0535251 -0.55094 0.00320343 0.0468261
0.0324648 8154.79 0.755535 11.0656 -0.0535222 -0.592255 0.00321163 0.0470377
0.0324648 12924.5 0.814516 11.951 -0.0535204 -0.63962 0.00325521 0.0477619
0.0324648 20483.9 0.8774 12.8952 -0.0535192 -0.690138 0.0033384 0.0490645
0.0324648 32464.8 0.937995 13.8072 -0.0535185 -0.73894 0.00344698 0.0507393
0.0324648 51453.2 0.983537 14.4987 -0.053518 -0.77594 0.00353034 0.0520419
0.0324648 81547.9 1.02123 15.0748 -0.0535177 -0.806771 0.00359638 0.0530878
0.0514532 1.29245 0.321042 2.29746 -0.0877136 -0.201519 0.00503817 0.0360544
0.0514532 2.04839 0.33623 2.4761 -0.0758172 -0.187731 0.00459107 0.03381
0.0514532 3.24648 0.363484 2.80215 -0.068311 -0.191418 0.00399877 0.0308271
0.0514532 5.14532 0.385993 3.11019 -0.0635749 -0.19773 0.00361387 0.0291192
0.0514532 8.15479 0.404868 3.37617 -0.0605866 -0.204551 0.00336685 0.028076
0.0514532 12.9245 0.420762 3.59775 -0.0587011 -0.211192 0.00320983 0.0274459
0.0514532 20.4839 0.433228 3.77225 -0.0575115 -0.216948 0.00309867 0.026981
0.0514532 32.4648 0.445174 3.92824 -0.0567608 -0.22297 0.00301737 0.0266255
0.0514532 51.4532 0.456507 4.06862 -0.0562872 -0.229011 0.00296686 0.0264421
0.0514532 81.5479 0.466212 4.18705 -0.0559884 -0.234426 0.00293094 0.0263228
0.0514532 129.245 0.474655 4.28871 -0.0557998 -0.239309 0.00290397 0.0262386
0.0514532 204.839 0.48209 4.37728 -0.0556809 -0.243731 0.00288227 0.0261704
0.0514532 324.648 0.488823 4.45655 -0.0556058 -0.24781 0.0028635 0.0261062
0.0514532 514.532 0.495191 4.53031 -0.0555585 -0.251697 0.00284603 0.0260372
0.0514532 815.479 0.501816 4.60479 -0.0555286 -0.255697 0.00282911 0.0259606
0.0514532 1292.45 0.510272 4.69486 -0.0555097 -0.260611 0.00281135 0.0258664
0.0514532 2048.39 0.521446 4.80911 -0.0554978 -0.266895 0.00279199 0.0257495
0.0514532 3246.48 0.539755 4.98871 -0.0554903 -0.276825 0.00277123 0.0256132
0.0514532 5145.32 0.565617 5.23802 -0.0554856 -0.290634 0.00275518 0.025515
0.0514532 8154.79 0.602938 5.59372 -0.0554826 -0.310354 0.00275847 0.0255916
0.0514532 12924.5 0.646018 6.00338 -0.0554807 -0.333072 0.00279348 0.0259595
0.0514532 20483.9 0.691755 6.43834 -0.0554795 -0.357196 0.00286247 0.0266418
0.0514532 32464.8 0.73547 6.85506 -0.0554788 -0.380311 0.00295329 0.0275266
0.0514532 51453.2 0.767285 7.16121 -0.0554783 -0.397292 0.00302342 0.0282182
0.0514532 81547.9 0.792848 7.40911 -0.055478 -0.411043 0.00307992 0.0287816
0.0815479 1.29245 0.329005 1.52048 -0.0909957 -0.138357 0.00413271 0.0190992
0.0815479 2.04839 0.33623 1.59239 -0.0786541 -0.125248 0.00383365 0.0181562
0.0815479 3.24648 0.353836 1.75143 -0.070867 -0.124119 0.0034601 0.0171269
0.0815479 5.14532 0.367276 1.89882 -0.0659537 -0.125234 0.00325739 0.0168408
0.0815479 8.15479 0.377704 2.01932 -0.0628536 -0.126921 0.00313174 0.0167432
0.0815479 12.9245 0.385803 2.11299 -0.0608976 -0.128676 0.00304101 0.0166552
0.0815479 20.4839 0.391181 2.17967 -0.0596634 -0.130046 0.00295303 0.0164543
0.0815479 32.4648 0.396107 2.23473 -0.0588847 -0.131592 0.00287389 0.0162137
0.0815479 51.4532 0.400726 2.28162 -0.0583934 -0.133232 0.00281001 0.0159994
0.0815479 81.5479 0.404272 2.31784 -0.0580834 -0.134628 0.00275077 0.0157712
0.0815479 129.245 0.407026 2.34626 -0.0578878 -0.13582 0.00269609 0.0155414
0.0815479 204.839 0.40919 2.36896 -0.0577644 -0.136841 0.00264569 0.0153169
0.0815479 324.648 0.410999 2.38792 -0.0576865 -0.137751 0.00259942 0.0151027
0.0815479 514.532 0.41271 2.40508 -0.0576374 -0.138622 0.0025571 0.0149015
0.0815479 815.479 0.414816 2.42362 -0.0576064 -0.139616 0.00251894 0.0147172
0.0815479 1292.45 0.418546 2.45099 -0.0575868 -0.141145 0.00248539 0.0145543
0.0815479 2048.39 0.424588 2.49142 -0.0575745 -0.143442 0.0024567 0.0144155
0.0815479 3246.48 0.43636 2.56518 -0.0575667 -0.147669 0.00243688 0.0143254
0.0815479 5145.32 0.454107 2.67395 -0.0575618 -0.153917 0.00243068 0.0143127
0.0815479 8154.79 0.480744 2.83511 -0.0575587 -0.163185 0.002452 0.0144603
0.0815479 12924.5 0.511745 3.02218 -0.0575567 -0.173947 0.00250406 0.0147881
0.0815479 20483.9 0.544523 3.21995 -0.0575555 -0.185326 0.00258401 0.0152802
0.0815479 32464.8 0.575559 3.40761 -0.0575547 -0.196124 0.00267858 0.0158586
0.0815479 51453.2 0.597232 3.53993 -0.0575542 -0.203738 0.00274776 0.0162866
0.0815479 81547.9 0.613954 3.6429 -0.0575539 -0.209663 0.00280175 0.0166242
0.129245 1.29245 0.327797 0.999868 -0.0921034 -0.0920912 0.0034697 0.0105835
0.129245 2.04839 0.329503 1.0196 -0.0796115 -0.0811715 0.00324539 0.0100424
0.129245 3.24648 0.338829 1.09016 -0.0717297 -0.0781968 0.00313853 0.010098
0.129245 5.14532 0.344456 1.15439 -0.0667566 -0.0770629 0.00302397 0.0101343
0.129245 8.15479 0.347606 1.20199 -0.0636187 -0.076469 0.0029061 0.010049
0.129245 12.9245 0.349015 1.23386 -0.0616389 -0.0760537 0.0027916 0.00986903
0.129245 20.4839 0.348495 1.2512 -0.0603897 -0.0755598 0.00268102 0.00962571
0.129245 32.4648 0.347694 1.26202 -0.0596015 -0.0752181 0.00257799 0.00935727
0.129245 51.4532 0.34684 1.26884 -0.0591042 -0.074994 0.00248798 0.00910175
0.129245 81.5479 0.345431 1.27104 -0.0587904 -0.0747247 0.00240904 0.00886422
0.129245 129.245 0.343672 1.27015 -0.0585924 -0.0744211 0.00234021 0.00864899
0.129245 204.839 0.34171 1.26726 -0.0584675 -0.0740938 0.00228036 0.00845693
0.129245 324.648 0.339715 1.26338 -0.0583887 -0.0737671 0.00222836 0.00828716
0.129245 514.532 0.33787 1.25943 -0.058339 -0.0734737 0.00218319 0.00813794
0.129245 815.479 0.336549 1.25698 -0.0583076 -0.0732912 0.00214439 0.00800905
0.129245 1292.45 0.336685 1.25963 -0.0582878 -0.0734213 0.00211222 0.00790241
0.129245 2048.39 0.338792 1.26943 -0.0582753 -0.0739765 0.0020868 0.00781909
0.129245 3246.48 0.345455 1.29615 -0.0582674 -0.0755234 0.00207259 0.0077764
0.129245 5145.32 0.356788 1.34031 -0.0582624 -0.0780899 0.00207301 0.00778751
0.129245 8154.79 0.374896 1.40992 -0.0582593 -0.0821407 0.00209933 0.00789519
0.129245 12924.5 0.396253 1.49177 -0.0582573 -0.0869066 0.00215058 0.0080963
0.129245 20483.9 0.418735 1.57791 -0.0582561 -0.0919231 0.00222239 0.00837462
0.129245 32464.8 0.43977 1.65865 -0.0582553 -0.096625 0.00230316 0.00868665
0.129245 51453.2 0.453616 1.71228 -0.0582548 -0.0997486 0.00236023 0.00890925
0.129245 81547.9 0.463636 1.75146 -0.0582545 -0.10203 0.00240325 0.00907865
0.204839 1.29245 0.305821 0.63985 -0.0835748 -0.0534753 0.00345134 0.00722103
0.204839 2.04839 0.304145 0.631104 -0.0722397 -0.0455908 0.00335295 0.0069574
0.204839 3.24648 0.306278 0.651466 -0.0650877 -0.0424024 0.00309237 0.0065776
0.204839 5.14532 0.304871 0.669409 -0.0605751 -0.0405495 0.00286429 0.00628916
0.204839 8.15479 0.301456 0.6787 -0.0577278 -0.0391798 0.00267097 0.00601343
0.204839 12.9245 0.296894 0.680281 -0.0559313 -0.038049 0.00250904 0.00574905
0.204839 20.4839 0.291356 0.675714 -0.0547977 -0.0370276 0.00238095 0.00552191
0.204839 32.4648 0.285862 0.668546 -0.0540825 -0.0361567 0.00226646 0.00530058
0.204839 51.4532 0.280585 0.660089 -0.0536313 -0.0354014 0.00216387 0.00509061
0.204839 81.5479 0.275286 0.650389 -0.0533466 -0.034696 0.00207685 0.00490676
0.204839 129.245 0.270089 0.640132 -0.0531669 -0.0340338 0.00200182 0.00474447
0.204839 204.839 0.265073 0.629767 -0.0530536 -0.0334114 0.00193638 0.0046005
0.204839 324.648 0.260334 0.619693 -0.052982 -0.0328326 0.0018789 0.00447248
0.204839 514.532 0.255982 0.610284 -0.0529369 -0.0323065 0.00182829 0.00435879
0.204839 815.479 0.252258 0.60219 -0.0529084 -0.0318609 0.00178401 0.0042588
0.204839 1292.45 0.249802 0.596995 -0.0528905 -0.0315754 0.00174719 0.00417556
0.204839 2048.39 0.24896 0.595567 -0.0528791 -0.0314931 0.00171847 0.00411094
0.204839 3246.48 0.251513 0.602198 -0.052872 -0.0318394 0.00170371 0.0040792
0.204839 5145.32 0.257473 0.616952 -0.0528675 -0.0326167 0.00170529 0.00408618
0.204839 8154.79 0.26821 0.643139 -0.0528646 -0.0339993 0.00173274 0.00415492
0.204839 12924.5 0.281188 0.674701 -0.0528628 -0.0356666 0.00178079 0.00427294
0.204839 20483.9 0.294791 0.70777 -0.0528617 -0.0374139 0.00184299 0.00442486
0.204839 32464.8 0.307305 0.738229 -0.052861 -0.0390235 0.00190893 0.00458576
0.204839 51453.2 0.314766 0.756548 -0.0528605 -0.0399915 0.00195078 0.00468875
0.204839 81547.9 0.319524 0.768357 -0.0528602 -0.0406155 0.00197876 0.00475831
0.324648 1.29245 0.246501 0.381774 -0.0442255 -0.0168841 0.00306212 0.00474252
0.324648 2.04839 0.241958 0.35517 -0.0382273 -0.0135772 0.00299129 0.00439091
0.324648 3.24648 0.236747 0.344551 -0.0344426 -0.0118673 0.0026308 0.00382875
0.324648 5.14532 0.229045 0.336055 -0.0320547 -0.0107721 0.00235425 0.00345416
0.324648 8.15479 0.220337 0.326257 -0.030548 -0.0099665 0.00213662 0.00316373
0.324648 12.9245 0.211438 0.315306 -0.0295973 -0.0093322 0.00196253 0.00292662
0.324648 20.4839 0.202728 0.303869 -0.0289975 -0.00881143 0.0018288 0.0027412
0.324648 32.4648 0.194595 0.292756 -0.028619 -0.0083784 0.00171338 0.00257767
0.324648 51.4532 0.187019 0.28212 -0.0283802 -0.00800664 0.00161004 0.00242876
0.324648 81.5479 0.179931 0.271979 -0.0282296 -0.00767785 0.00152201 0.00230063
0.324648 129.245 0.173343 0.262432 -0.0281345 -0.00738338 0.00144581 0.00218887
0.324648 204.839 0.16725 0.253522 -0.0280745 -0.00711752 0.00137923 0.00209068
0.324648 324.648 0.16166 0.245298 -0.0280367 -0.00687733 0.00132078 0.00200412
0.324648 514.532 0.156592 0.237812 -0.0280128 -0.00666177 0.00126948 0.00192793
0.324648 815.479 0.152152 0.231238 -0.0279977 -0.00647414 0.00122508 0.00186185
0.324648 1292.45 0.14867 0.226091 -0.0279882 -0.00632787 0.00118901 0.0018082
0.324648 2048.39 0.146315 0.222636 -0.0279822 -0.00622985 0.00116212 0.00176831
0.324648 3246.48 0.146043 0.222336 -0.0279784 -0.00622062 0.00115071 0.00175184
0.324648 5145.32 0.147807 0.225126 -0.027976 -0.00629814 0.00115618 0.00176099
0.324648 8154.79 0.152281 0.23204 -0.0279745 -0.00649122 0.00118622 0.00180752
0.324648 12924.5 0.158006 0.240857 -0.0279736 -0.00673765 0.00123289 0.00187937
0.324648 20483.9 0.163982 0.250058 -0.027973 -0.00699487 0.00128861 0.00196501
0.324648 32464.8 0.169321 0.258286 -0.0279726 -0.00722493 0.00134426 0.00205057
0.324648 51453.2 0.171865 0.26225 -0.0279724 -0.00733574 0.00137684 0.00210092
0.324648 81547.9 0.172907 0.263916 -0.0279722 -0.00738232 0.00139651 0.00213156
0.514532 1.29245 0.143871 0.189416 0.0830265 0.0157265 0.00153464 0.00202046
0.514532 2.04839 0.132372 0.152471 0.0717658 0.0109422 0.0013644 0.00157156
0.514532 3.24648 0.120726 0.129239 0.0646607 0.00835668 0.00117479 0.00125763
0.514532 5.14532 0.109711 0.112809 0.0601777 0.00678858 0.00103985 0.00106922
0.514532 8.15479 0.0998062 0.100122 0.0573491 0.00574193 0.00093492 0.000937882
0.514532 12.9245 0.0911885 0.0900478 0.0555643 0.00500345 0.000850343 0.000839705
0.514532 20.4839 0.083803 0.0819311 0.0544383 0.00446019 0.000781326 0.000763873
0.514532 32.4648 0.0774924 0.0752911 0.0537278 0.00404522 0.000723319 0.000702772
0.514532 51.4532 0.0719887 0.0696801 0.0532795 0.00371252 0.00067307 0.000651485
0.514532 81.5479 0.067158 0.0648609 0.0529966 0.00343741 0.000629449 0.000607918
0.514532 129.245 0.0628971 0.0606715 0.0528181 0.00320456 0.000591238 0.000570317
0.514532 204.839 0.0591234 0.0569966 0.0527055 0.00300404 0.000557563 0.000537507
0.514532 324.648 0.0557779 0.0537589 0.0526345 0.00282957 0.000527824 0.000508719
0.514532 514.532 0.0528208 0.0509083 0.0525896 0.00267725 0.000501623 0.000483461
0.514532 815.479 0.0502433 0.0484301 0.0525613 0.00254555 0.000478903 0.00046162
0.514532 1292.45 0.0481178 0.0463902 0.0525435 0.00243751 0.000460468 0.000443936
0.514532 2048.39 0.0464744 0.0448161 0.0525322 0.00235429 0.000446832 0.000430889
0.514532 3246.48 0.045568 0.0439529 0.0525251 0.00230863 0.000441444 0.000425797
0.514532 5145.32 0.0453561 0.0437594 0.0525207 0.00229827 0.000445323 0.000429645
0.514532 8154.79 0.0459923 0.044384 0.0525178 0.00233095 0.00046284 0.000446655
0.514532 12924.5 0.04702 0.0453864 0.052516 0.00238351 0.000489675 0.000472662
0.514532 20483.9 0.0480963 0.0464357 0.0525149 0.00243857 0.00052112 0.000503127
0.514532 32464.8 0.0489853 0.047304 0.0525142 0.00248413 0.000552003 0.000533057
0.514532 51453.2 0.0490697 0.047395 0.0525138 0.00248889 0.000569667 0.000550225
0.514532 81547.9 0.0487206 0.0470667 0.0525135 0.00247164 0.000579812 0.00056013
0.815479 1.29245 0.0477876 0.065748 0.4477 0.0294354 0.000484813 0.000667025
0.815479 2.04839 0.0331791 0.0354591 0.386979 0.0137219 0.000366698 0.000391896
0.815479 3.24648 0.0222738 0.0195117 0.348667 0.00680308 0.000278734 0.000244169
0.815479 5.14532 0.0150114 0.0115333 0.324493 0.00374247 0.000213024 0.000163666
0.815479 8.15479 0.0104153 0.00750386 0.309241 0.0023205 0.000163781 0.000117999
0.815479 12.9245 0.00758944 0.0051875 0.299617 0.00155426 0.000126707 8.66064e-05
0.815479 20.4839 0.00582083 0.00382512 0.293545 0.00112284 0.000100912 6.6314e-05
0.815479 32.4648 0.00466973 0.00298665 0.289714 0.000865274 8.60544e-05 5.50384e-05
0.815479 51.4532 0.00387818 0.00243639 0.287296 0.000699965 7.91298e-05 4.97117e-05
0.815479 81.5479 0.00330861 0.00205473 0.285771 0.000587183 7.65005e-05 4.75088e-05
0.815479 129.245 0.00288141 0.00177643 0.284809 0.000505942 7.5634e-05 4.66295e-05
0.815479 204.839 0.00254928 0.00156456 0.284201 0.000444649 7.52914e-05 4.62082e-05
0.815479 324.648 0.0022842 0.00139799 0.283818 0.000396774 7.50134e-05 4.59102e-05
0.815479 514.532 0.00206893 0.00126415 0.283576 0.000358483 7.468e-05 4.56306e-05
0.815479 815.479 0.0018911 0.0011544 0.283424 0.000327184 7.43318e-05 4.53748e-05
0.815479 1292.45 0.00174768 0.0010663 0.283328 0.000302113 7.40862e-05 4.52018e-05
0.815479 2048.39 0.00163572 0.000997751 0.283267 0.00028263 7.40487e-05 4.51681e-05
0.815479 3246.48 0.00155964 0.000951275 0.283229 0.000269428 7.48162e-05 4.56328e-05
0.815479 5145.32 0.00151581 0.000924567 0.283205 0.000261841 7.69202e-05 4.69173e-05
0.815479 8154.79 0.00150566 0.000918449 0.283189 0.000260095 8.16138e-05 4.97841e-05
0.815479 12924.5 0.001512 0.000922419 0.28318 0.00026121 8.84568e-05 5.39645e-05
0.815479 20483.9 0.00152007 0.000927463 0.283174 0.000262633 9.63883e-05 5.88108e-05
0.815479 32464.8 0.00152299 0.000929373 0.28317 0.00026317 0.000104113 6.35329e-05
0.815479 51453.2 0.00150046 0.000915746 0.283167 0.000259309 0.000108785 6.63929e-05
0.815479 81547.9 0.00146437 0.000893842 0.283166 0.000253105 0.000111751 6.82119e-05
