1.29245e-05 1.29245 0.920034 24855.4 0 0 0.0317292 857.19
1.29245e-05 2.04839 1.08764 30473 0 0 0.0305228 855.17
1.29245e-05 3.24648 1.39652 41270.2 0 0 0.0304862 900.933
1.29245e-05 5.14532 1.79016 55663.2 0 0 0.0314774 978.76
1.29245e-05 8.15479 2.25133 72848.5 0 0 0.0333532 1079.24
1.29245e-05 12.9245 2.77085 92338.3 0 0 0.0359586 1198.32
1.29245e-05 20.4839 3.3509 114095 0 0 0.0393108 1338.5
1.29245e-05 32.4648 3.98884 137981 0 0 0.0433934 1501.05
1.29245e-05 51.4532 4.67612 163677 0 0 0.0478737 1675.71
1.29245e-05 81.5479 5.41134 191131 0 0 0.0526505 1859.64
1.29245e-05 129.245 6.19055 220211 0 0 0.0576537 2050.86
1.29245e-05 204.839 7.01121 250836 0 0 0.062838 2248.12
1.29245e-05 324.648 7.87332 283019 0 0 0.0681934 2451.32
1.29245e-05 514.532 8.77885 316842 0 0 0.0737357 2661.23
1.29245e-05 815.479 9.73732 352662 0 0 0.0795533 2881.22
1.29245e-05 1292.45 10.7905 392006 0 0 0.0860125 3124.74
1.29245e-05 2048.39 11.9613 435734 0 0 0.0933189 3399.48
1.29245e-05 3246.48 13.397 489245 0 0 0.102691 3750.18
1.29245e-05 5145.32 15.1437 554281 0 0 0.114417 4187.84
1.29245e-05 8154.79 17.3857 637662 0 0 0.129883 4763.76
1.29245e-05 12924.5 19.9784 734157 0 0 0.147698 5427.54
1.29245e-05 20483.9 22.9032 843127 0 0 0.167362 6161.05
1.29245e-05 32464.8 25.9443 956659 0 0 0.187228 6903.75
1.29245e-05 51453.2 28.7687 1.06244e+06 0 0 0.204363 7547.23
1.29245e-05 81547.9 31.5122 1.16544e+06 0 0 0.220223 8144.69
2.04839e-05 1.29245 0.822776 14058.5 0 0 0.0217997 372.484
2.04839e-05 2.04839 0.985591 17459 0 0 0.0209425 370.981
2.04839e-05 3.24648 1.27181 23751.5 0 0 0.0211306 394.622
2.04839e-05 5.14532 1.62859 31986.5 0 0 0.0222688 437.373
2.04839e-05 8.15479 2.04063 41693.4 0 0 0.0241939 494.321
2.04839e-05 12.9245 2.4996 52583.8 0 0 0.0267202 562.11
2.04839e-05 20.4839 3.00948 64675.2 0 0 0.0298547 641.591
2.04839e-05 32.4648 3.56869 77905.9 0 0 0.0335618 732.666
2.04839e-05 51.4532 4.16645 92029.4 0 0 0.0375283 828.933
2.04839e-05 81.5479 4.80178 107020 0 0 0.0416799 928.947
2.04839e-05 129.245 5.47108 122802 0 0 0.0459613 1031.63
2.04839e-05 204.839 6.1722 139333 0 0 0.0503416 1136.42
2.04839e-05 324.648 6.90526 156620 0 0 0.0548184 1243.35
2.04839e-05 514.532 7.67201 174712 0 0 0.0594086 1352.89
2.04839e-05 815.479 8.48077 193802 0 0 0.0641877 1466.81
2.04839e-05 1292.45 9.36743 214722 0 0 0.0694517 1591.98
2.04839e-05 2048.39 10.3518 237937 0 0 0.0753688 1732.35
2.04839e-05 3246.48 11.56 266365 0 0 0.0829269 1910.8
2.04839e-05 5145.32 13.03 300916 0 0 0.0923599 2132.96
2.04839e-05 8154.79 14.9173 345215 0 0 0.104781 2424.82
2.04839e-05 12924.5 17.0966 396405 0 0 0.119078 2760.97
2.04839e-05 20483.9 19.5493 454078 0 0 0.134849 3132.17
2.04839e-05 32464.8 22.0923 513994 0 0 0.150761 3507.56
2.04839e-05 51453.2 24.4392 569473 0 0 0.16444 3831.7
2.04839e-05 81547.9 26.7097 623278 0 0 0.177066 4131.89
3.24648e-05 1.29245 0.737018 7964.57 0 0 0.0156939 169.595
3.24648e-05 2.04839 0.895127 10025.1 0 0 0.0148639 166.471
3.24648e-05 3.24648 1.15984 13687.9 0 0 0.0150495 177.607
3.24648e-05 5.14532 1.48242 18390.6 0 0 0.0161446 200.286
3.24648e-05 8.15479 1.84948 23859.9 0 0 0.0179528 231.607
3.24648e-05 12.9245 2.25358 29927 0 0 0.0202649 269.114
3.24648e-05 20.4839 2.70035 36627.1 0 0 0.0230704 312.922
3.24648e-05 32.4648 3.18864 43929.3 0 0 0.0263227 362.643
3.24648e-05 51.4532 3.70671 51665.9 0 0 0.0297424 414.565
3.24648e-05 81.5479 4.25338 59818.4 0 0 0.0332693 467.89
3.24648e-05 129.245 4.82586 68348.8 0 0 0.0368645 522.113
3.24648e-05 204.839 5.42242 77236 0 0 0.0405076 576.983
3.24648e-05 324.648 6.04309 86484.1 0 0 0.0441988 632.539
3.24648e-05 514.532 6.68934 96117.2 0 0 0.0479541 689.039
3.24648e-05 815.479 7.36866 106247 0 0 0.0518384 747.444
3.24648e-05 1292.45 8.11184 117321 0 0 0.0560918 811.254
3.24648e-05 2048.39 8.93592 129594 0 0 0.060852 882.513
3.24648e-05 3246.48 9.94797 144629 0 0 0.0669108 972.786
3.24648e-05 5145.32 11.1798 162905 0 0 0.0744626 1085.02
3.24648e-05 8154.79 12.7629 186358 0 0 0.0844119 1232.55
3.24648e-05 12924.5 14.5884 213421 0 0 0.0958622 1402.42
3.24648e-05 20483.9 16.6374 243829 0 0 0.108478 1589.8
3.24648e-05 32464.8 18.7556 275325 0 0 0.121189 1779.01
3.24648e-05 51453.2 20.6974 304299 0 0 0.132066 1941.67
3.24648e-05 81547.9 22.5679 332280 0 0 0.142073 2091.81
5.14532e-05 1.29245 0.661861 4523.41 0 0 0.0124991 85.4233
5.14532e-05 2.04839 0.815304 5772.91 0 0 0.011476 81.258
5.14532e-05 3.24648 1.05934 7900.16 0 0 0.0114618 85.4779
5.14532e-05 5.14532 1.35 10578.4 0 0 0.0123193 96.5324
5.14532e-05 8.15479 1.67584 13651 0 0 0.0138454 112.781
5.14532e-05 12.9245 2.03058 17022.3 0 0 0.0158192 132.612
5.14532e-05 20.4839 2.42051 20721.6 0 0 0.018206 155.859
5.14532e-05 32.4648 2.84527 24737.6 0 0 0.0209566 182.203
5.14532e-05 51.4532 3.29227 28957.9 0 0 0.0238219 209.531
5.14532e-05 81.5479 3.76072 33373.9 0 0 0.0267523 237.409
5.14532e-05 129.245 4.24815 37964.6 0 0 0.0297159 265.563
5.14532e-05 204.839 4.75319 42719.5 0 0 0.0326974 293.87
5.14532e-05 324.648 5.27606 47642.6 0 0 0.0356994 322.365
5.14532e-05 514.532 5.81823 52749.1 0 0 0.0387367 351.194
5.14532e-05 815.479 6.38605 58098.3 0 0 0.0418619 380.847
5.14532e-05 1292.45 7.00588 63932.7 0 0 0.0452681 413.097
5.14532e-05 2048.39 7.69237 70389.6 0 0 0.0490671 448.992
5.14532e-05 3246.48 8.53666 78308.7 0 0 0.0538957 494.397
5.14532e-05 5145.32 9.5649 87939 0 0 0.0599127 550.833
5.14532e-05 8154.79 10.8873 100305 0 0 0.0678472 625.075
5.14532e-05 12924.5 12.4101 114552 0 0 0.0769807 710.578
5.14532e-05 20483.9 14.1147 130518 0 0 0.0870366 804.825
5.14532e-05 32464.8 15.8714 147005 0 0 0.0971529 899.854
5.14532e-05 51453.2 17.4708 162068 0 0 0.105767 981.155
5.14532e-05 81547.9 19.0045 176551 0 0 0.113663 1055.92
8.15479e-05 1.29245 0.596286 2577.24 0 0 0.0112118 48.4593
8.15479e-05 2.04839 0.744941 3334.71 0 0 0.00995883 44.5804
8.15479e-05 3.24648 0.969205 4567.4 0 0 0.00965999 45.5229
8.15479e-05 5.14532 1.23014 6088.32 0 0 0.0101506 50.2385
8.15479e-05 8.15479 1.51842 7809.68 0 0 0.0112719 57.9746
8.15479e-05 12.9245 1.82845 9675.7 0 0 0.0128165 67.822
8.15479e-05 20.4839 2.16739 11710.7 0 0 0.0147328 79.6037
8.15479e-05 32.4648 2.5351 13909.6 0 0 0.0169647 93.0819
8.15479e-05 51.4532 2.91899 16201.7 0 0 0.0192938 107.089
8.15479e-05 81.5479 3.31839 18582.2 0 0 0.0216716 121.356
8.15479e-05 129.245 3.73144 21041.5 0 0 0.0240691 135.725
8.15479e-05 204.839 4.15692 23573.7 0 0 0.0264715 150.119
8.15479e-05 324.648 4.59513 26181.4 0 0 0.0288805 164.551
8.15479e-05 514.532 5.04752 28874 0 0 0.0313086 179.099
8.15479e-05 815.479 5.51953 31683.7 0 0 0.0337966 194.003
8.15479e-05 1292.45 6.03372 34741.4 0 0 0.0364992 210.158
8.15479e-05 2048.39 6.60267 38121.4 0 0 0.0395065 228.096
8.15479e-05 3246.48 7.30359 42272.6 0 0 0.0433273 250.775
8.15479e-05 5145.32 8.15789 47323.8 0 0 0.0480915 278.978
8.15479e-05 8154.79 9.25755 53814.1 0 0 0.0543843 316.136
8.15479e-05 12924.5 10.5221 61281.9 0 0 0.0616351 358.97
8.15479e-05 20483.9 11.9341 69628.7 0 0 0.0696168 406.175
8.15479e-05 32464.8 13.3846 78220.4 0 0 0.0776362 453.712
8.15479e-05 51453.2 14.6954 86013.7 0 0 0.0844285 494.168
8.15479e-05 81547.9 15.9464 93470.4 0 0 0.0906287 531.224
0.000129245 1.29245 0.539574 1474.83 0 0 0.0108132 29.556
0.000129245 2.04839 0.683278 1933.67 0 0 0.00942217 26.6646
0.000129245 3.24648 0.888398 2645.48 0 0 0.00888711 26.4641
0.000129245 5.14532 1.12166 3506.36 0 0 0.00901404 28.1783
0.000129245 8.15479 1.37547 4466.77 0 0 0.00970513 31.517
0.000129245 12.9245 1.64537 5496.21 0 0 0.0108036 36.0884
0.000129245 20.4839 1.93849 6610.61 0 0 0.0122481 41.7681
0.000129245 32.4648 2.25523 7808.97 0 0 0.0139822 48.4148
0.000129245 51.4532 2.58329 9047.98 0 0 0.0158172 55.3998
0.000129245 81.5479 2.9221 10325.2 0 0 0.0177008 62.5457
0.000129245 129.245 3.27012 11635.5 0 0 0.0196031 69.7504
0.000129245 204.839 3.62656 12976.6 0 0 0.0215086 76.9628
0.000129245 324.648 3.99173 14350.4 0 0 0.023416 84.1812
0.000129245 514.532 4.36688 15761.8 0 0 0.0253335 91.4386
0.000129245 815.479 4.7569 17229 0 0 0.027294 98.8563
0.000129245 1292.45 5.18097 18822.4 0 0 0.0294184 106.877
0.000129245 2048.39 5.64986 20582 0 0 0.0317784 115.766
0.000129245 3246.48 6.22862 22746.5 0 0 0.034777 127.003
0.000129245 5145.32 6.93478 25382.5 0 0 0.0385216 140.996
0.000129245 8154.79 7.84509 28773.8 0 0 0.0434835 159.486
0.000129245 12924.5 8.89051 32670.5 0 0 0.0492117 180.841
0.000129245 20483.9 10.0545 37013.4 0 0 0.0555191 204.381
0.000129245 32464.8 11.2462 41468.8 0 0 0.06185 228.063
0.000129245 51453.2 12.3149 45479.4 0 0 0.067182 248.106
0.000129245 81547.9 13.3294 49297.1 0 0 0.0720278 266.386
0.000204839 1.29245 0.491121 848.904 0 0 0.0105912 18.307
0.000204839 2.04839 0.629427 1126.08 0 0 0.00918082 16.425
0.000204839 3.24648 0.816045 1535.5 0 0 0.00850715 16.0073
0.000204839 5.14532 1.02354 2020.9 0 0 0.00836479 16.5157
0.000204839 8.15479 1.24594 2554.71 0 0 0.00870028 17.8393
0.000204839 12.9245 1.47966 3120.05 0 0 0.00940769 19.8373
0.000204839 20.4839 1.73194 3727.69 0 0 0.0104354 22.4603
0.000204839 32.4648 2.00326 4377.49 0 0 0.0117295 25.631
0.000204839 51.4532 2.28194 5043.57 0 0 0.0131321 29.0247
0.000204839 81.5479 2.56764 5724.96 0 0 0.0145906 32.532
0.000204839 129.245 2.85911 6419.12 0 0 0.0160727 36.0854
0.000204839 204.839 3.15577 7125.05 0 0 0.0175612 39.6494
0.000204839 324.648 3.45806 7844.13 0 0 0.0190524 43.2177
0.000204839 514.532 3.76723 8579.51 0 0 0.0205511 46.8033
0.000204839 815.479 4.0874 9340.89 0 0 0.022081 50.4616
0.000204839 1292.45 4.43489 10166 0 0 0.0237357 54.4087
0.000204839 2048.39 4.81886 11076.3 0 0 0.0255715 58.7773
0.000204839 3246.48 5.29404 12198.6 0 0 0.0279043 64.2978
0.000204839 5145.32 5.87463 13567 0 0 0.030824 71.1855
0.000204839 8154.79 6.62424 15329.8 0 0 0.0347086 80.3227
0.000204839 12924.5 7.48403 17352.7 0 0 0.0392083 90.9093
0.000204839 20483.9 8.43862 19600.7 0 0 0.0441705 102.596
0.000204839 32464.8 9.41257 21899 0 0 0.0491502 114.351
0.000204839 51453.2 10.2788 23951.2 0 0 0.0533211 124.247
0.000204839 81547.9 11.0965 25894 0 0 0.0570948 133.232
0.000324648 1.29245 0.450193 492.077 0 0 0.0102355 11.1878
0.000324648 2.04839 0.582761 659.086 0 0 0.00888821 10.0523
0.000324648 3.24648 0.751323 893.284 0 0 0.00815597 9.69702
0.000324648 5.14532 0.934793 1165.73 0 0 0.00785019 9.78952
0.000324648 8.15479 1.12861 1461.11 0 0 0.00793923 10.2783
0.000324648 12.9245 1.32988 1770.14 0 0 0.00835284 11.1181
0.000324648 20.4839 1.54559 2099.56 0 0 0.0090516 12.2959
0.000324648 32.4648 1.77661 2449.97 0 0 0.00998879 13.7747
0.000324648 51.4532 2.01193 2806.07 0 0 0.0110369 15.3933
0.000324648 81.5479 2.25119 3167.27 0 0 0.0121457 17.0882
0.000324648 129.245 2.49364 3532.64 0 0 0.0132838 18.8187
0.000324648 204.839 2.7389 3901.87 0 0 0.0144335 20.5622
0.000324648 324.648 2.98741 4275.78 0 0 0.0155882 22.3109
0.000324648 514.532 3.24024 4656.1 0 0 0.0167491 24.0679
0.000324648 815.479 3.50107 5048.3 0 0 0.0179337 25.8592
0.000324648 1292.45 3.78373 5472.54 0 0 0.0192124 27.7876
0.000324648 2048.39 4.096 5940.38 0 0 0.0206287 29.9176
0.000324648 3246.48 4.4837 6518.71 0 0 0.0224274 32.6065
0.000324648 5145.32 4.95827 7224.93 0 0 0.0246847 35.9692
0.000324648 8154.79 5.57223 8136.36 0 0 0.0277044 40.4529
0.000324648 12924.5 6.27556 9180.86 0 0 0.0312202 45.6737
0.000324648 20483.9 7.05411 10338.1 0 0 0.0351084 51.453
0.000324648 32464.8 7.84553 11517 0 0 0.039013 57.2698
0.000324648 51453.2 8.54322 12560.5 0 0 0.0422671 62.1424
0.000324648 81547.9 9.19786 13542.5 0 0 0.0451984 66.5481
0.000514532 1.29245 0.416378 287.79 0 0 0.00964729 6.66796
0.000514532 2.04839 0.542417 387.794 0 0 0.00843172 6.02815
0.000514532 3.24648 0.69353 521.011 0 0 0.00769149 5.7782
0.000514532 5.14532 0.8546 673.098 0 0 0.00730466 5.75328
0.000514532 8.15479 1.02245 835.752 0 0 0.00724653 5.92331
0.000514532 12.9245 1.19474 1003.83 0 0 0.00746561 6.27268
0.000514532 20.4839 1.37804 1181.47 0 0 0.00793266 6.80111
0.000514532 32.4648 1.57324 1369.14 0 0 0.00860391 7.48768
0.000514532 51.4532 1.77045 1558.19 0 0 0.00937877 8.25438
0.000514532 81.5479 1.96946 1748.45 0 0 0.0102156 9.06918
0.000514532 129.245 2.16962 1939.41 0 0 0.011084 9.90798
0.000514532 204.839 2.37072 2131.04 0 0 0.0119668 10.757
0.000514532 324.648 2.5733 2323.92 0 0 0.0128567 11.6107
0.000514532 514.532 2.7784 2519.1 0 0 0.0137527 12.4692
0.000514532 815.479 2.98918 2719.57 0 0 0.0146665 13.3437
0.000514532 1292.45 3.21728 2936.03 0 0 0.0156498 14.2817
0.000514532 2048.39 3.46928 3174.65 0 0 0.0167355 15.3142
0.000514532 3246.48 3.78339 3470.63 0 0 0.0181108 16.6136
0.000514532 5145.32 4.16879 3832.78 0 0 0.0198416 18.2423
0.000514532 8154.79 4.66856 4301.16 0 0 0.0221725 20.4276
0.000514532 12924.5 5.24045 4837.26 0 0 0.0249065 22.9903
0.000514532 20483.9 5.87155 5429.42 0 0 0.0279446 25.8403
0.000514532 32464.8 6.51066 6030.34 0 0 0.0310015 28.7144
0.000514532 51453.2 7.06875 6557.36 0 0 0.0335376 31.1113
0.000514532 81547.9 7.58897 7050.11 0 0 0.035812 33.2691
0.000815479 1.29245 0.388834 169.938 0 0 0.00885241 3.86891
0.000815479 2.04839 0.507697 229.443 0 0 0.00781283 3.53085
0.000815479 3.24648 0.641863 304.673 0 0 0.0070954 3.36797
0.000815479 5.14532 0.782276 389.138 0 0 0.00668565 3.32573
0.000815479 8.15479 0.926507 478.159 0 0 0.00655699 3.38398
0.000815479 12.9245 1.073 569.089 0 0 0.0066639 3.53434
0.000815479 20.4839 1.22751 664.22 0 0 0.00698402 3.77913
0.000815479 32.4648 1.39121 764.055 0 0 0.00747368 4.10456
0.000815479 51.4532 1.55515 863.7 0 0 0.00805184 4.47183
0.000815479 81.5479 1.71927 963.128 0 0 0.00868707 4.86645
0.000815479 129.245 1.88306 1062.12 0 0 0.00935259 5.27523
0.000815479 204.839 2.04651 1160.75 0 0 0.0100331 5.6906
0.000815479 324.648 2.21017 1259.4 0 0 0.0107211 6.10909
0.000815479 514.532 2.37491 1358.64 0 0 0.011414 6.52972
0.000815479 815.479 2.54355 1460.14 0 0 0.0121199 6.95746
0.000815479 1292.45 2.72589 1569.58 0 0 0.0128756 7.41378
0.000815479 2048.39 2.92747 1690.24 0 0 0.0137054 7.91316
0.000815479 3246.48 3.18001 1840.59 0 0 0.0147504 8.5375
0.000815479 5145.32 3.49077 2025.01 0 0 0.0160683 9.32125
0.000815479 8154.79 3.89497 2264.16 0 0 0.0178575 10.3806
0.000815479 12924.5 4.357 2537.58 0 0 0.0199772 11.635
0.000815479 20483.9 4.86522 2838.59 0 0 0.0223494 13.0397
0.000815479 32464.8 5.37777 3142.82 0 0 0.0247444 14.4609
0.000815479 51453.2 5.82078 3406.96 0 0 0.0267225 15.6409
0.000815479 81547.9 6.23072 3652.17 0 0 0.028488 16.6984
0.00129245 1.29245 0.367134 101.456 0 0 0.00791204 2.18647
0.00129245 2.04839 0.47774 136.475 0 0 0.00708094 2.0228
0.00129245 3.24648 0.59563 178.637 0 0 0.00640829 1.92192
0.00129245 5.14532 0.716937 225.241 0 0 0.00601785 1.89064
0.00129245 8.15479 0.839987 273.705 0 0 0.00587418 1.91407
0.00129245 12.9245 0.963569 322.592 0 0 0.00593067 1.98552
0.00129245 20.4839 1.09262 373.146 0 0 0.00616754 2.10631
0.00129245 32.4648 1.22862 425.824 0 0 0.00654142 2.26717
0.00129245 51.4532 1.36373 477.939 0 0 0.00698554 2.44818
0.00129245 81.5479 1.4977 529.419 0 0 0.00747728 2.64312
0.00129245 129.245 1.6304 580.264 0 0 0.00799514 2.84549
0.00129245 204.839 1.76185 630.533 0 0 0.00852612 3.05134
0.00129245 324.648 1.89258 680.459 0 0 0.00906346 3.25868
0.00129245 514.532 2.02348 730.405 0 0 0.00960448 3.46687
0.00129245 815.479 2.15693 781.255 0 0 0.0101535 3.67768
0.00129245 1292.45 2.30116 836.032 0 0 0.0107366 3.9007
0.00129245 2048.39 2.46082 896.477 0 0 0.0113716 4.14266
0.00129245 3246.48 2.66207 972.184 0 0 0.0121634 4.44206
0.00129245 5145.32 2.91063 1065.35 0 0 0.0131632 4.81801
0.00129245 8154.79 3.23511 1186.57 0 0 0.0145328 5.33033
0.00129245 12924.5 3.60569 1325.02 0 0 0.0161757 5.94424
0.00129245 20483.9 4.01196 1476.92 0 0 0.0180307 6.63765
0.00129245 32464.8 4.41993 1629.79 0 0 0.0199119 7.34227
0.00129245 51453.2 4.76861 1761.08 0 0 0.0214586 7.92479
0.00129245 81547.9 5.08869 1882 0 0 0.0228317 8.44406
0.00204839 1.29245 0.350218 61.1955 0 0 0.00691788 1.2088
0.00204839 2.04839 0.451545 81.5364 0 0 0.00629779 1.13721
0.00204839 3.24648 0.55405 104.989 0 0 0.00569271 1.07873
0.00204839 5.14532 0.657897 130.542 0 0 0.00535556 1.06267
0.00204839 8.15479 0.762031 156.774 0 0 0.0052355 1.07711
0.00204839 12.9245 0.865341 182.875 0 0 0.00528225 1.11631
0.00204839 20.4839 0.972097 209.532 0 0 0.00547563 1.18025
0.00204839 32.4648 1.08376 237.046 0 0 0.00577609 1.26338
0.00204839 51.4532 1.1939 264.04 0 0 0.00612959 1.3556
0.00204839 81.5479 1.30207 290.433 0 0 0.00652012 1.45435
0.00204839 129.245 1.4083 316.266 0 0 0.0069309 1.55649
0.00204839 204.839 1.5127 341.593 0 0 0.00735155 1.66011
0.00204839 324.648 1.61578 366.558 0 0 0.00777642 1.76418
0.00204839 514.532 1.71837 391.374 0 0 0.00820307 1.86832
0.00204839 815.479 1.82256 416.53 0 0 0.00863388 1.9732
0.00204839 1292.45 1.93517 443.612 0 0 0.00908657 2.08297
0.00204839 2048.39 2.0601 473.537 0 0 0.00957406 2.2007
0.00204839 3246.48 2.21886 511.287 0 0 0.0101743 2.34443
0.00204839 5145.32 2.4159 557.943 0 0 0.0109321 2.52474
0.00204839 8154.79 2.67427 618.89 0 0 0.0119809 2.77267
0.00204839 12924.5 2.96912 688.439 0 0 0.0132565 3.07372
0.00204839 20483.9 3.29122 764.473 0 0 0.0147106 3.41693
0.00204839 32464.8 3.61317 840.639 0 0 0.0161923 3.76729
0.00204839 51453.2 3.88497 905.271 0 0 0.0174027 4.05515
0.00204839 81547.9 4.13224 964.28 0 0 0.0184695 4.30995
0.00324648 1.29245 0.337448 37.2849 0 0 0.00597086 0.659726
0.00324648 2.04839 0.428076 48.8613 0 0 0.00551705 0.629725
0.00324648 3.24648 0.516306 61.8167 0 0 0.00501271 0.600166
0.00324648 5.14532 0.604445 75.7501 0 0 0.00475594 0.596023
0.00324648 8.15479 0.691694 89.8499 0 0 0.00468125 0.608087
0.00324648 12.9245 0.777284 103.693 0 0 0.00473672 0.631901
0.00324648 20.4839 0.864416 117.599 0 0 0.00490047 0.666681
0.00324648 32.4648 0.954976 131.822 0 0 0.00514765 0.710564
0.00324648 51.4532 1.04355 145.639 0 0 0.00543469 0.758474
0.00324648 81.5479 1.12968 159.006 0 0 0.00574908 0.809201
0.00324648 129.245 1.21346 171.956 0 0 0.00607791 0.861281
0.00324648 204.839 1.29508 184.535 0 0 0.00641332 0.91383
0.00324648 324.648 1.37505 196.834 0 0 0.00675089 0.966369
0.00324648 514.532 1.45416 208.979 0 0 0.00708838 1.01868
0.00324648 815.479 1.53417 221.234 0 0 0.0074268 1.07098
0.00324648 1292.45 1.62075 234.429 0 0 0.00777833 1.12508
0.00324648 2048.39 1.71715 249.048 0 0 0.00815222 1.18237
0.00324648 3246.48 1.84092 267.658 0 0 0.00860663 1.25135
0.00324648 5145.32 1.99548 290.782 0 0 0.00918001 1.33771
0.00324648 8154.79 2.19925 321.138 0 0 0.00998148 1.45751
0.00324648 12924.5 2.43167 355.754 0 0 0.0109697 1.60487
0.00324648 20483.9 2.68465 393.461 0 0 0.0121069 1.77438
0.00324648 32464.8 2.93627 431.048 0 0 0.0132702 1.94808
0.00324648 51453.2 3.1458 462.519 0 0 0.0142111 2.08943
0.00324648 81547.9 3.33446 490.965 0 0 0.0150318 2.21328
0.00514532 1.29245 0.32762 22.8941 0 0 0.00519097 0.362746
0.00514532 2.04839 0.406441 29.3281 0 0 0.00479715 0.346155
0.00514532 3.24648 0.481701 36.4436 0 0 0.0044343 0.335482
0.00514532 5.14532 0.555857 44.0007 0 0 0.00427054 0.338049
0.00514532 8.15479 0.628254 51.5318 0 0 0.00423918 0.347714
0.00514532 12.9245 0.69836 58.8151 0 0 0.00429865 0.362027
0.00514532 20.4839 0.76835 65.9792 0 0 0.0044254 0.380015
0.00514532 32.4648 0.840514 73.2251 0 0 0.00461813 0.402329
0.00514532 51.4532 0.910641 80.205 0 0 0.00484649 0.426856
0.00514532 81.5479 0.978029 86.8715 0 0 0.00509481 0.452537
0.00514532 129.245 1.04288 93.2564 0 0 0.00535393 0.478759
0.00514532 204.839 1.10544 99.3946 0 0 0.00561758 0.505098
0.00514532 324.648 1.16623 105.342 0 0 0.00588191 0.531297
0.00514532 514.532 1.22593 111.17 0 0 0.00614465 0.557212
0.00514532 815.479 1.28607 117.023 0 0 0.0064059 0.582892
0.00514532 1292.45 1.35134 123.335 0 0 0.00667411 0.609139
0.00514532 2048.39 1.42441 130.358 0 0 0.0069557 0.636564
0.00514532 3246.48 1.51954 139.406 0 0 0.00729362 0.669132
0.00514532 5145.32 1.6393 150.731 0 0 0.0077196 0.709803
0.00514532 8154.79 1.79826 165.688 0 0 0.00832196 0.766769
0.00514532 12924.5 1.97954 182.738 0 0 0.00907462 0.837712
0.00514532 20483.9 2.17608 201.238 0 0 0.00994773 0.919937
0.00514532 32464.8 2.37053 219.581 0 0 0.0108434 1.00442
0.00514532 51453.2 2.52997 234.71 0 0 0.011558 1.07225
0.00514532 81547.9 2.67185 248.231 0 0 0.0121725 1.1309
0.00815479 1.29245 0.320275 14.1629 0 0 0.00475195 0.210136
0.00815479 2.04839 0.385997 17.6147 0 0 0.00428065 0.195344
0.00815479 3.24648 0.449845 21.5117 0 0 0.00406656 0.194463
0.00815479 5.14532 0.511691 25.5906 0 0 0.00396473 0.198284
0.00815479 8.15479 0.571107 29.5859 0 0 0.00394054 0.204138
0.00815479 12.9245 0.627727 33.3809 0 0 0.00397506 0.211383
0.00815479 20.4839 0.682791 37.0148 0 0 0.00404424 0.219242
0.00815479 32.4648 0.739043 40.6414 0 0 0.00416923 0.229274
0.00815479 51.4532 0.793378 44.1043 0 0 0.00433383 0.24092
0.00815479 81.5479 0.844862 47.3622 0 0 0.004516 0.253163
0.00815479 129.245 0.89382 50.4425 0 0 0.00470831 0.265712
0.00815479 204.839 0.940524 53.3685 0 0 0.00490478 0.278314
0.00815479 324.648 0.985457 56.1742 0 0 0.00510153 0.290803
0.00815479 514.532 1.02926 58.9009 0 0 0.00529615 0.30308
0.00815479 815.479 1.07325 61.6279 0 0 0.00548819 0.315142
0.00815479 1292.45 1.12125 64.5785 0 0 0.0056828 0.327303
0.00815479 2048.39 1.17543 67.8827 0 0 0.00588385 0.3398
0.00815479 3246.48 1.24727 72.2081 0 0 0.00612199 0.354421
0.00815479 5145.32 1.33866 77.673 0 0 0.00642172 0.372606
0.00815479 8154.79 1.46109 84.9512 0 0 0.00685127 0.398348
0.00815479 12924.5 1.60075 93.2484 0 0 0.00739667 0.430877
0.00815479 20483.9 1.75155 102.213 0 0 0.00803604 0.468948
0.00815479 32464.8 1.89986 111.05 0 0 0.00869484 0.508228
0.00815479 51453.2 2.01938 118.217 0 0 0.00921188 0.539276
0.00815479 81547.9 2.12429 124.538 0 0 0.00964928 0.565695
0.0129245 1.29245 0.315102 8.83161 0 0 0.00481493 0.134952
0.0129245 2.04839 0.36701 10.603 0 0 0.00423065 0.122225
0.0129245 3.24648 0.421064 12.7371 0 0 0.00404747 0.122435
0.0129245 5.14532 0.472135 14.9279 0 0 0.00391243 0.123702
0.0129245 8.15479 0.520117 17.0269 0 0 0.00383047 0.125397
0.0129245 12.9245 0.564917 18.9773 0 0 0.0037999 0.12765
0.0129245 20.4839 0.607 20.7823 0 0 0.00379347 0.12988
0.0129245 32.4648 0.649506 22.554 0 0 0.00383755 0.133259
0.0129245 51.4532 0.690357 24.2305 0 0 0.00392858 0.137888
0.0129245 81.5479 0.728435 25.7802 0 0 0.00403949 0.142963
0.0129245 129.245 0.764103 27.2221 0 0 0.00416252 0.148295
0.0129245 204.839 0.797696 28.573 0 0 0.0042914 0.153715
0.0129245 324.648 0.829677 29.8535 0 0 0.00442189 0.159109
0.0129245 514.532 0.86059 31.0862 0 0 0.00455111 0.164395
0.0129245 815.479 0.891558 32.314 0 0 0.00467798 0.169551
0.0129245 1292.45 0.92569 33.6518 0 0 0.00480496 0.174676
0.0129245 2048.39 0.96476 35.1666 0 0 0.00493379 0.179842
0.0129245 3246.48 1.0179 37.194 0 0 0.00508389 0.185765
0.0129245 5145.32 1.08648 39.7883 0 0 0.00527297 0.193103
0.0129245 8154.79 1.1794 43.2795 0 0 0.00555059 0.203687
0.0129245 12924.5 1.28549 47.2621 0 0 0.00591266 0.217384
0.0129245 20483.9 1.39955 51.546 0 0 0.00634558 0.23371
0.0129245 32464.8 1.51103 55.7426 0 0 0.00679667 0.250733
0.0129245 51453.2 1.59909 59.0814 0 0 0.00714563 0.264009
0.0129245 81547.9 1.67515 61.9801 0 0 0.00743616 0.275136
0.0204839 1.29245 0.313234 5.58739 0 0 0.00522119 0.0931343
0.0204839 2.04839 0.351414 6.44546 0 0 0.00462546 0.0848379
0.0204839 3.24648 0.39674 7.60761 0 0 0.00430007 0.0824552
0.0204839 5.14532 0.438095 8.77167 0 0 0.00404665 0.0810232
0.0204839 8.15479 0.475809 9.85676 0 0 0.00386905 0.0801504
0.0204839 12.9245 0.510108 10.8379 0 0 0.00375845 0.079853
0.0204839 20.4839 0.540867 11.7072 0 0 0.00368273 0.079714
0.0204839 32.4648 0.571552 12.5438 0 0 0.00365353 0.0801839
0.0204839 51.4532 0.600891 13.3268 0 0 0.00367225 0.0814449
0.0204839 81.5479 0.62771 14.0356 0 0 0.00371363 0.0830366
0.0204839 129.245 0.65239 14.6825 0 0 0.00376958 0.0848369
0.0204839 204.839 0.675268 15.2784 0 0 0.00383368 0.0867394
0.0204839 324.648 0.696777 15.8355 0 0 0.00390154 0.0886693
0.0204839 514.532 0.71739 16.3663 0 0 0.00397012 0.0905731
0.0204839 815.479 0.738037 16.8936 0 0 0.0040381 0.0924317
0.0204839 1292.45 0.761235 17.4761 0 0 0.00410623 0.0942692
0.0204839 2048.39 0.788416 18.1482 0 0 0.00417492 0.0961004
0.0204839 3246.48 0.826762 19.0766 0 0 0.00425573 0.0981961
0.0204839 5145.32 0.877236 20.2857 0 0 0.00436073 0.10084
0.0204839 8154.79 0.94665 21.935 0 0 0.00452433 0.104834
0.0204839 12924.5 1.02606 23.8195 0 0 0.00474835 0.11023
0.0204839 20483.9 1.11108 25.8377 0 0 0.00502569 0.11687
0.0204839 32464.8 1.1936 27.8014 0 0 0.00532111 0.12394
0.0204839 51453.2 1.2573 29.3292 0 0 0.00554833 0.129427
0.0204839 81547.9 1.31126 30.6311 0 0 0.005736 0.133993
0.0324648 1.29245 0.316433 3.62984 0 0 0.0054519 0.0625393
0.0324648 2.04839 0.342167 4.01286 0 0 0.00492683 0.057781
0.0324648 3.24648 0.378911 4.62996 0 0 0.00444177 0.0542745
0.0324648 5.14532 0.410929 5.23175 0 0 0.00409531 0.0521395
0.0324648 8.15479 0.439058 5.77484 0 0 0.00385712 0.0507319
0.0324648 12.9245 0.463807 6.24977 0 0 0.00370108 0.0498717
0.0324648 20.4839 0.484796 6.65003 0 0 0.0035923 0.0492763
0.0324648 32.4648 0.505316 7.02404 0 0 0.00352271 0.0489668
0.0324648 51.4532 0.524882 7.36982 0 0 0.00349399 0.0490589
0.0324648 81.5479 0.542311 7.67438 0 0 0.00348674 0.0493417
0.0324648 129.245 0.558008 7.94602 0 0 0.0034934 0.0497459
0.0324648 204.839 0.572276 8.19102 0 0 0.00350845 0.0502166
0.0324648 324.648 0.58548 8.41609 0 0 0.00352826 0.0507176
0.0324648 514.532 0.598027 8.62819 0 0 0.00355047 0.0512253
0.0324648 815.479 0.610703 8.83948 0 0 0.00357434 0.051736
0.0324648 1292.45 0.625492 9.0794 0 0 0.00360071 0.0522665
0.0324648 2048.39 0.643519 9.36502 0 0 0.00363004 0.0528273
0.0324648 3246.48 0.670412 9.77905 0 0 0.00367197 0.0535617
0.0324648 5145.32 0.706817 10.332 0 0 0.00373528 0.0546007
0.0324648 8154.79 0.757893 11.1002 0 0 0.00384608 0.0563301
0.0324648 12924.5 0.816518 11.9804 0 0 0.00400497 0.0587629
0.0324648 20483.9 0.879005 12.9188 0 0 0.00420621 0.0618188
0.0324648 32464.8 0.939208 13.8251 0 0 0.00442357 0.0651147
0.0324648 51453.2 0.984451 14.5121 0 0 0.00458992 0.0676617
0.0324648 81547.9 1.02189 15.0846 0 0 0.00472695 0.0697766
0.0514532 1.29245 0.325275 2.46054 0 0 0.00519314 0.0392834
0.0514532 2.04839 0.340762 2.60003 0 0 0.00479346 0.0365744
0.0514532 3.24648 0.368186 2.90314 0 0 0.00425627 0.0335606
0.0514532 5.14532 0.390844 3.19464 0 0 0.00390861 0.0319478
0.0514532 8.15479 0.409847 3.44878 0 0 0.00368569 0.0310144
0.0514532 12.9245 0.425851 3.66218 0 0 0.00354392 0.0304765
0.0514532 20.4839 0.438417 3.83126 0 0 0.00344418 0.0300982
0.0514532 32.4648 0.450437 3.98378 0 0 0.00337246 0.0298269
0.0514532 51.4532 0.461834 4.12203 0 0 0.00332907 0.0297131
0.0514532 81.5479 0.471594 4.23924 0 0 0.00329975 0.029662
0.0514532 129.245 0.48009 4.3403 0 0 0.00327938 0.0296476
0.0514532 204.839 0.487573 4.42867 0 0 0.00326476 0.0296542
0.0514532 324.648 0.494348 4.50795 0 0 0.00325403 0.0296735
0.0514532 514.532 0.500755 4.58187 0 0 0.00324613 0.0297018
0.0514532 815.479 0.507409 4.65653 0 0 0.00324174 0.0297497
0.0514532 1292.45 0.515873 4.74667 0 0 0.00324356 0.0298447
0.0514532 2048.39 0.527029 4.86078 0 0 0.00325326 0.0300048
0.0514532 3246.48 0.545261 5.03971 0 0 0.0032832 0.0303458
0.0514532 5145.32 0.57098 5.28776 0 0 0.00334029 0.0309339
0.0514532 8154.79 0.60806 5.64129 0 0 0.00344792 0.0319881
0.0514532 12924.5 0.650843 6.04826 0 0 0.00359921 0.0334473
0.0514532 20483.9 0.696245 6.48016 0 0 0.00378496 0.0352277
0.0514532 32464.8 0.73963 6.89386 0 0 0.00398093 0.0371049
0.0514532 51453.2 0.771197 7.19773 0 0 0.00412648 0.0385133
0.0514532 81547.9 0.796553 7.44374 0 0 0.00424382 0.0396583
0.0815479 1.29245 0.335297 1.76922 0 0 0.00446373 0.0235532
0.0815479 2.04839 0.343054 1.77099 0 0 0.0041717 0.0215361
0.0815479 3.24648 0.360993 1.88879 0 0 0.00379601 0.0198615
0.0815479 5.14532 0.374692 2.00707 0 0 0.00358924 0.0192261
0.0815479 8.15479 0.385324 2.10704 0 0 0.00346203 0.0189312
0.0815479 12.9245 0.393584 2.18667 0 0 0.00337321 0.0187408
0.0815479 20.4839 0.399097 2.244 0 0 0.00329186 0.0185092
0.0815479 32.4648 0.404122 2.29304 0 0 0.0032217 0.0182804
0.0815479 51.4532 0.408819 2.33614 0 0 0.00316696 0.0180971
0.0815479 81.5479 0.412431 2.37002 0 0 0.00311756 0.017915
0.0815479 129.245 0.41524 2.39706 0 0 0.00307298 0.0177395
0.0815479 204.839 0.41745 2.41898 0 0 0.00303277 0.0175739
0.0815479 324.648 0.419297 2.43753 0 0 0.00299689 0.017422
0.0815479 514.532 0.421037 2.45449 0 0 0.00296552 0.0172879
0.0815479 815.479 0.42316 2.47294 0 0 0.00294011 0.0171819
0.0815479 1292.45 0.426887 2.50019 0 0 0.00292462 0.0171289
0.0815479 2048.39 0.432898 2.54041 0 0 0.00292139 0.0171438
0.0815479 3246.48 0.444579 2.61364 0 0 0.00294484 0.0173125
0.0815479 5145.32 0.46217 2.72153 0 0 0.00299993 0.0176653
0.0815479 8154.79 0.488554 2.88124 0 0 0.00310731 0.0183253
0.0815479 12924.5 0.519247 3.06654 0 0 0.00325363 0.019215
0.0815479 20483.9 0.551684 3.26233 0 0 0.00342659 0.0202628
0.0815479 32464.8 0.582384 3.44803 0 0 0.00360359 0.0213352
0.0815479 51453.2 0.603802 3.57888 0 0 0.00372932 0.0221046
0.0815479 81547.9 0.62031 3.68062 0 0 0.00382681 0.0227064
0.129245 1.29245 0.336764 1.3834 0 0 0.00373726 0.0153524
0.129245 2.04839 0.339198 1.28298 0 0 0.00352617 0.0133373
0.129245 3.24648 0.348938 1.28183 0 0 0.00343665 0.0126246
0.129245 5.14532 0.35484 1.29625 0 0 0.00333989 0.0122008
0.129245 8.15479 0.358172 1.30918 0 0 0.00323877 0.0118382
0.129245 12.9245 0.359699 1.31752 0 0 0.00313916 0.0114982
0.129245 20.4839 0.359254 1.31925 0 0 0.00304028 0.0111645
0.129245 32.4648 0.358489 1.31995 0 0 0.00294806 0.0108547
0.129245 51.4532 0.357645 1.32027 0 0 0.00286775 0.0105865
0.129245 81.5479 0.356231 1.3183 0 0 0.00279633 0.0103484
0.129245 129.245 0.354456 1.31475 0 0 0.0027333 0.0101384
0.129245 204.839 0.352469 1.31016 0 0 0.00267788 0.00995387
0.129245 324.648 0.350441 1.30515 0 0 0.00262948 0.00979301
0.129245 514.532 0.348556 1.30044 0 0 0.00258777 0.00965483
0.129245 815.479 0.347184 1.29744 0 0 0.00255353 0.00954264
0.129245 1292.45 0.347247 1.29962 0 0 0.00253014 0.00946939
0.129245 2048.39 0.349253 1.30893 0 0 0.00251951 0.00944259
0.129245 3246.48 0.35575 1.33497 0 0 0.00253441 0.00951048
0.129245 5145.32 0.36685 1.37824 0 0 0.0025781 0.00968579
0.129245 8154.79 0.384622 1.44658 0 0 0.00266692 0.0100304
0.129245 12924.5 0.405588 1.52697 0 0 0.0027869 0.0104922
0.129245 20483.9 0.42765 1.61155 0 0 0.00292606 0.0110265
0.129245 32464.8 0.448275 1.69075 0 0 0.00306596 0.0115638
0.129245 51453.2 0.461804 1.74321 0 0 0.00316136 0.0119334
0.129245 81547.9 0.471556 1.78139 0 0 0.00323214 0.01221
0.204839 1.29245 0.317395 1.20674 0 0 0.00371615 0.0141288
0.204839 2.04839 0.316503 1.0087 0 0 0.00364386 0.011613
0.204839 3.24648 0.318989 0.913769 0 0 0.00342071 0.0097989
0.204839 5.14532 0.317732 0.852771 0 0 0.00321942 0.00864072
0.204839 8.15479 0.31434 0.808028 0 0 0.00304517 0.00782777
0.204839 12.9245 0.309721 0.773566 0 0 0.00289637 0.00723405
0.204839 20.4839 0.304082 0.745456 0 0 0.00277578 0.00680482
0.204839 32.4648 0.298451 0.723177 0 0 0.00266643 0.00646104
0.204839 51.4532 0.293017 0.705059 0 0 0.00256736 0.0061776
0.204839 81.5479 0.287553 0.689159 0 0 0.00248183 0.00594802
0.204839 129.245 0.282189 0.674893 0 0 0.00240692 0.00575648
0.204839 204.839 0.277004 0.661892 0 0 0.00234079 0.00559325
0.204839 324.648 0.272097 0.65004 0 0 0.00228228 0.00545238
0.204839 514.532 0.267575 0.639381 0 0 0.00223074 0.00533043
0.204839 815.479 0.263676 0.630357 0 0 0.00218665 0.00522751
0.204839 1292.45 0.261029 0.624394 0 0 0.00215325 0.00515069
0.204839 2048.39 0.25997 0.622262 0 0 0.00213236 0.005104
0.204839 3246.48 0.26224 0.62811 0 0 0.00213546 0.0051148
0.204839 5145.32 0.26785 0.641964 0 0 0.00216453 0.0051878
0.204839 8154.79 0.278133 0.66703 0 0 0.00223227 0.00535353
0.204839 12924.5 0.290608 0.697368 0 0 0.00232447 0.005578
0.204839 20483.9 0.303689 0.729176 0 0 0.00242949 0.00583334
0.204839 32464.8 0.315703 0.758431 0 0 0.00253255 0.00608408
0.204839 51453.2 0.322776 0.775818 0 0 0.00259706 0.00624223
0.204839 81547.9 0.327205 0.78684 0 0 0.00264022 0.00634901
0.324648 1.29245 0.258863 1.11338 0 0 0.00341095 0.0146706
0.324648 2.04839 0.254737 0.830814 0 0 0.00335384 0.0109384
0.324648 3.24648 0.249538 0.659945 0 0 0.00303009 0.00801358
0.324648 5.14532 0.241666 0.544591 0 0 0.00277509 0.00625362
0.324648 8.15479 0.232688 0.464014 0 0 0.00256784 0.00512066
0.324648 12.9245 0.22346 0.40733 0 0 0.00239625 0.00436795
0.324648 20.4839 0.214401 0.366921 0 0 0.00225862 0.00386536
0.324648 32.4648 0.205911 0.337672 0 0 0.00213719 0.00350476
0.324648 51.4532 0.197982 0.315695 0 0 0.00202691 0.00323204
0.324648 81.5479 0.190552 0.298428 0 0 0.00193065 0.00302365
0.324648 129.245 0.183637 0.284356 0 0 0.00184562 0.0028579
0.324648 204.839 0.177232 0.272524 0 0 0.00177004 0.00272173
0.324648 324.648 0.171346 0.26236 0 0 0.00170273 0.00260718
0.324648 514.532 0.165995 0.253539 0 0 0.00164297 0.00250946
0.324648 815.479 0.16128 0.245998 0 0 0.00159094 0.00242665
0.324648 1292.45 0.157517 0.240093 0 0 0.00154895 0.00236096
0.324648 2048.39 0.154868 0.235991 0 0 0.00151823 0.0023135
0.324648 3246.48 0.154255 0.235052 0 0 0.00150709 0.00229649
0.324648 5145.32 0.155628 0.237175 0 0 0.00151641 0.00231098
0.324648 8154.79 0.159634 0.243332 0 0 0.00155451 0.00236956
0.324648 12924.5 0.164861 0.251364 0 0 0.00160999 0.00245476
0.324648 20483.9 0.170339 0.25979 0 0 0.00167331 0.00255202
0.324648 32464.8 0.175212 0.267296 0 0 0.00173436 0.00264587
0.324648 51453.2 0.177397 0.270706 0 0 0.00176741 0.00269706
0.324648 81547.9 0.178138 0.27191 0 0 0.001785 0.00272464
0.514532 1.29245 0.152767 0.872474 0 0 0.0018868 0.0107758
0.514532 2.04839 0.141098 0.567422 0 0 0.0017284 0.00695069
0.514532 3.24648 0.12907 0.383711 0 0 0.0015352 0.00456399
0.514532 5.14532 0.117516 0.268477 0 0 0.00138017 0.00315313
0.514532 8.15479 0.107076 0.195194 0 0 0.00125054 0.00227967
0.514532 12.9245 0.0979575 0.148571 0 0 0.00114147 0.00173127
0.514532 20.4839 0.0901263 0.118666 0 0 0.00105026 0.00138284
0.514532 32.4648 0.0834195 0.0990714 0 0 0.000972707 0.00115522
0.514532 51.4532 0.0775582 0.0857127 0 0 0.000905107 0.00100027
0.514532 81.5479 0.0724051 0.0762244 0 0 0.000846141 0.000890773
0.514532 129.245 0.0678533 0.0691861 0 0 0.000794345 0.000809947
0.514532 204.839 0.0638163 0.0637408 0 0 0.000748607 0.000747722
0.514532 324.648 0.0602311 0.0593749 0 0 0.000708118 0.000698053
0.514532 514.532 0.057054 0.0557805 0 0 0.000672312 0.000657305
0.514532 815.479 0.054272 0.0527892 0 0 0.000640996 0.000623482
0.514532 1292.45 0.0519502 0.0503726 0 0 0.000614875 0.000596203
0.514532 2048.39 0.0501143 0.0485013 0 0 0.000594381 0.00057525
0.514532 3246.48 0.0490044 0.0473756 0 0 0.000582825 0.000563453
0.514532 5145.32 0.0485777 0.0469352 0 0 0.000580995 0.00056135
0.514532 8154.79 0.0489781 0.0473084 0 0 0.00059296 0.000572745
0.514532 12924.5 0.0497675 0.048066 0 0 0.000614416 0.00059341
0.514532 20483.9 0.0506162 0.0488863 0 0 0.000640749 0.00061885
0.514532 32464.8 0.0512975 0.0495482 0 0 0.000667042 0.000644295
0.514532 51453.2 0.0512221 0.0494811 0 0 0.000680623 0.000657489
0.514532 81547.9 0.0507406 0.0490227 0 0 0.000686977 0.000663717
0.815479 1.29245 0.0511517 0.431595 0 0 0.000648688 0.00547333
0.815479 2.04839 0.0362893 0.203566 0 0 0.000498966 0.00279897
0.815479 3.24648 0.0247686 0.0941204 0 0 0.000385426 0.00146462
0.815479 5.14532 0.0169233 0.0453954 0 0 0.000311187 0.000834734
0.815479 8.15479 0.0118754 0.0237601 0 0 0.000264475 0.000529158
0.815479 12.9245 0.00873072 0.0132591 0 0 0.000233303 0.000354309
0.815479 20.4839 0.00674295 0.00805216 0 0 0.000212004 0.000253167
0.815479 32.4648 0.00543973 0.00534361 0 0 0.000197654 0.000194161
0.815479 51.4532 0.0045371 0.00383868 0 0 0.000187177 0.000158363
0.815479 81.5479 0.00388348 0.00294801 0 0 0.000178604 0.000135581
0.815479 129.245 0.00339062 0.00238669 0 0 0.000170927 0.000120317
0.815479 204.839 0.00300574 0.00201078 0 0 0.000163769 0.000109558
0.815479 324.648 0.00269725 0.00174496 0 0 0.000157062 0.000101609
0.815479 514.532 0.00244551 0.00154817 0 0 0.00015086 9.55043e-05
0.815479 815.479 0.00223659 0.00139643 0 0 0.000145365 9.07597e-05
0.815479 1292.45 0.00206664 0.00127907 0 0 0.00014101 8.7273e-05
0.815479 2048.39 0.00193212 0.00118927 0 0 0.000138041 8.49676e-05
0.815479 3246.48 0.00183724 0.00112703 0 0 0.000137736 8.44921e-05
0.815479 5145.32 0.00177805 0.00108845 0 0 0.000140184 8.58148e-05
0.815479 8154.79 0.00175592 0.00107355 0 0 0.000146498 8.95678e-05
0.815479 12924.5 0.00175257 0.00107072 0 0 0.000154836 9.45968e-05
0.815479 20483.9 0.00175234 0.00107016 0 0 0.000163527 9.98661e-05
0.815479 32464.8 0.00174773 0.00106712 0 0 0.000171265 0.000104571
0.815479 51453.2 0.00171712 0.00104836 0 0 0.000174609 0.000106605
0.815479 81547.9 0.00167285 0.00102133 0 0 0.000175576 0.000107195
