1.29245e-05 1.29245 0.926709 25035.8 -0.0774756 -1939.66 0.032616 881.147
1.29245e-05 2.04839 1.09476 30672.4 -0.0669677 -2054.06 0.0314235 880.407
1.29245e-05 3.24648 1.40489 41517.4 -0.0603376 -2505.06 0.0313813 927.383
1.29245e-05 5.14532 1.80047 55983.9 -0.0561543 -3143.74 0.0323665 1006.41
1.29245e-05 8.15479 2.26411 73262.2 -0.0535148 -3920.62 0.0342396 1107.93
1.29245e-05 12.9245 2.78653 92860.9 -0.0518494 -4814.79 0.0368485 1227.97
1.29245e-05 20.4839 3.3699 114743 -0.0507987 -5828.77 0.0402184 1369.4
1.29245e-05 32.4648 4.01167 138770 -0.0501356 -6957.32 0.0443307 1533.47
1.29245e-05 51.4532 4.70312 164622 -0.0497173 -8184.58 0.0488522 1709.96
1.29245e-05 81.5479 5.44304 192251 -0.0494534 -9507.46 0.0536835 1896.13
1.29245e-05 129.245 6.22735 221520 -0.0492868 -10918 0.0587509 2089.89
1.29245e-05 204.839 7.05352 252350 -0.0491817 -12411 0.0640078 2289.97
1.29245e-05 324.648 7.92154 284752 -0.0491154 -13985.7 0.0694422 2496.21
1.29245e-05 514.532 8.83331 318807 -0.0490736 -15645 0.0750676 2709.31
1.29245e-05 815.479 9.79855 354879 -0.0490472 -17405.8 0.0809726 2932.62
1.29245e-05 1292.45 10.8592 394503 -0.0490306 -19342.7 0.0875226 3179.6
1.29245e-05 2048.39 12.0384 438541 -0.0490201 -21497.3 0.0949229 3457.91
1.29245e-05 3246.48 13.4845 492438 -0.0490134 -24136.1 0.104402 3812.64
1.29245e-05 5145.32 15.2437 557941 -0.0490092 -27344.3 0.116249 4254.86
1.29245e-05 8154.79 17.5014 641906 -0.0490066 -31457.6 0.131855 4836.1
1.29245e-05 12924.5 20.1124 739081 -0.0490049 -36218.6 0.14983 5505.87
1.29245e-05 20483.9 23.0582 848834 -0.0490039 -41596.2 0.169673 6246.12
1.29245e-05 32464.8 26.1215 963192 -0.0490032 -47199.5 0.189722 6995.73
1.29245e-05 51453.2 28.967 1.06976e+06 -0.0490028 -52421.4 0.207021 7645.38
1.29245e-05 81547.9 31.7314 1.17355e+06 -0.0490025 -57506.8 0.223033 8248.61
2.04839e-05 1.29245 0.828957 14164.1 -0.0774775 -1097.4 0.0223443 381.789
2.04839e-05 2.04839 0.992193 17575.9 -0.0669694 -1177.05 0.0215266 381.328
2.04839e-05 3.24648 1.27963 23897.4 -0.0603391 -1441.95 0.0217344 405.898
2.04839e-05 5.14532 1.63819 32174.9 -0.0561557 -1806.81 0.0228902 449.578
2.04839e-05 8.15479 2.05245 41935 -0.0535162 -2244.2 0.0248346 507.413
2.04839e-05 12.9245 2.51404 52887.7 -0.0518507 -2742.26 0.0273877 576.152
2.04839e-05 20.4839 3.02698 65051.3 -0.0507999 -3304.6 0.0305602 656.753
2.04839e-05 32.4648 3.58956 78361.4 -0.0501369 -3928.8 0.034313 749.065
2.04839e-05 51.4532 4.19112 92574.2 -0.0497186 -4602.66 0.038334 846.728
2.04839e-05 81.5479 4.83051 107661 -0.0494546 -5324.32 0.0425471 948.276
2.04839e-05 129.245 5.50425 123547 -0.0492881 -6089.38 0.0468967 1052.63
2.04839e-05 204.839 6.21018 140190 -0.049183 -6894.96 0.0513504 1159.19
2.04839e-05 324.648 6.94836 157598 -0.0491167 -7740.68 0.0559035 1267.96
2.04839e-05 514.532 7.72052 175816 -0.0490748 -8628.15 0.0605715 1379.37
2.04839e-05 815.479 8.53511 195044 -0.0490484 -9566.6 0.0654293 1495.19
2.04839e-05 1292.45 9.42821 216115 -0.0490318 -10596.5 0.0707736 1622.28
2.04839e-05 2048.39 10.4198 239498 -0.0490213 -11740.5 0.0767729 1764.63
2.04839e-05 3246.48 11.6365 268129 -0.0490146 -13142.3 0.0844164 1945.12
2.04839e-05 5145.32 13.1171 302926 -0.0490105 -14846.6 0.0939425 2169.51
2.04839e-05 8154.79 15.0181 347547 -0.0490078 -17032.5 0.106477 2464.07
2.04839e-05 12924.5 17.2133 399112 -0.0490062 -19558.9 0.120902 2803.26
2.04839e-05 20483.9 19.684 457206 -0.0490051 -22405.4 0.136815 3177.86
2.04839e-05 32464.8 22.2458 517564 -0.0490044 -25362.9 0.152873 3556.68
2.04839e-05 51453.2 24.6105 573463 -0.049004 -28102 0.166675 3883.8
2.04839e-05 81547.9 26.8985 627682 -0.0490038 -30758.8 0.179414 4186.68
3.24648e-05 1.29245 0.742839 8027.47 -0.0774806 -621.973 0.0157959 170.698
3.24648e-05 2.04839 0.901373 10095.1 -0.066972 -676.086 0.0150479 168.531
3.24648e-05 3.24648 1.1672 13774.8 -0.0603415 -831.19 0.0152942 180.495
3.24648e-05 5.14532 1.49136 18501.5 -0.056158 -1039.01 0.016451 204.087
3.24648e-05 8.15479 1.86043 24001.3 -0.0535183 -1284.51 0.0183224 236.375
3.24648e-05 12.9245 2.267 30105.2 -0.0518528 -1561.04 0.0206983 274.869
3.24648e-05 20.4839 2.71647 36845.7 -0.0508019 -1871.83 0.0235717 319.722
3.24648e-05 32.4648 3.20782 44193.5 -0.0501389 -2215.81 0.0268941 370.515
3.24648e-05 51.4532 3.72916 51978.9 -0.0497205 -2584.42 0.0303831 423.496
3.24648e-05 81.5479 4.27949 60185.5 -0.0494566 -2976.57 0.0339826 477.921
3.24648e-05 129.245 4.85586 68773.8 -0.04929 -3389.86 0.0376512 533.255
3.24648e-05 204.839 5.4565 77721.5 -0.0491849 -3822.72 0.0413675 589.231
3.24648e-05 324.648 6.08152 87034 -0.0491186 -4274.99 0.0451319 645.893
3.24648e-05 514.532 6.73253 96737.8 -0.0490768 -4747.58 0.0489605 703.499
3.24648e-05 815.479 7.41686 106942 -0.0490504 -5245.54 0.0529158 762.979
3.24648e-05 1292.45 8.16551 118098 -0.0490337 -5790.76 0.0572384 827.837
3.24648e-05 2048.39 8.99565 130461 -0.0490232 -6395.6 0.062066 900.119
3.24648e-05 3246.48 10.0153 145608 -0.0490166 -7137.21 0.0681952 991.459
3.24648e-05 5145.32 11.2564 164021 -0.0490124 -8039.06 0.0758225 1104.84
3.24648e-05 8154.79 12.851 187644 -0.0490098 -9196.41 0.0858582 1253.66
3.24648e-05 12924.5 14.6898 214904 -0.0490081 -10532 0.0974041 1424.97
3.24648e-05 20483.9 16.754 245537 -0.049007 -12033 0.110126 1613.95
3.24648e-05 32464.8 18.888 277270 -0.0490064 -13588 0.122943 1804.76
3.24648e-05 51453.2 20.8448 306467 -0.049006 -15018.7 0.13391 1968.79
3.24648e-05 81547.9 22.7301 334668 -0.0490057 -16400.6 0.143997 2120.14
5.14532e-05 1.29245 0.667303 4560.6 -0.0774854 -353.38 0.0121032 82.7176
5.14532e-05 2.04839 0.821154 5814.34 -0.0669762 -389.422 0.0111894 79.2284
5.14532e-05 3.24648 1.06632 7952.21 -0.0603453 -479.879 0.0112847 84.1568
5.14532e-05 5.14532 1.35848 10644.9 -0.0561615 -597.832 0.0122706 96.1507
5.14532e-05 8.15479 1.6862 13735.4 -0.0535217 -735.141 0.0139237 113.419
5.14532e-05 12.9245 2.04305 17126.8 -0.051856 -888.128 0.0160116 134.225
5.14532e-05 20.4839 2.43541 20849.2 -0.0508051 -1059.24 0.0185061 158.428
5.14532e-05 32.4648 2.86281 24890.1 -0.050142 -1248.04 0.0213547 185.665
5.14532e-05 51.4532 3.31274 29137.9 -0.0497236 -1448.84 0.0243083 213.809
5.14532e-05 81.5479 3.78435 33583.6 -0.0494597 -1661.03 0.0273217 242.462
5.14532e-05 129.245 4.27521 38206.4 -0.0492931 -1883.31 0.030364 271.355
5.14532e-05 204.839 4.78388 42995.4 -0.049188 -2114.86 0.0334204 300.367
5.14532e-05 324.648 5.31057 47954.2 -0.0491217 -2355.59 0.0364934 329.535
5.14532e-05 514.532 5.85676 53098.4 -0.0490799 -2606.06 0.0395982 359.004
5.14532e-05 815.479 6.42883 58487.5 -0.0490535 -2869.01 0.0427862 389.255
5.14532e-05 1292.45 7.05334 64365.8 -0.0490368 -3156.29 0.0462513 422.069
5.14532e-05 2048.39 7.74505 70871.7 -0.0490263 -3474.58 0.0501057 458.496
5.14532e-05 3246.48 8.59572 78850.5 -0.0490197 -3865.22 0.0549881 504.419
5.14532e-05 5145.32 9.63167 88552.9 -0.0490155 -4340.46 0.0610601 561.382
5.14532e-05 8154.79 10.9638 101009 -0.0490128 -4950.76 0.0690565 636.216
5.14532e-05 12924.5 12.4979 115363 -0.0490112 -5654.06 0.078258 722.369
5.14532e-05 20483.9 14.2154 131450 -0.0490101 -6442.36 0.0883882 817.323
5.14532e-05 32464.8 15.9856 148063 -0.0490095 -7256.48 0.0985771 913.045
5.14532e-05 51453.2 17.5976 163245 -0.049009 -8000.47 0.107249 994.903
5.14532e-05 81547.9 19.1436 177843 -0.0490088 -8715.84 0.115193 1070.14
8.15479e-05 1.29245 0.601456 2599.59 -0.0774931 -201.45 0.0104209 45.0408
8.15479e-05 2.04839 0.750536 3359.75 -0.0669829 -225.046 0.00926288 41.465
8.15479e-05 3.24648 0.975845 4598.69 -0.0603513 -277.537 0.00909355 42.8535
8.15479e-05 5.14532 1.2382 6128.24 -0.0561671 -344.205 0.00976507 48.3303
8.15479e-05 8.15479 1.5281 7859.46 -0.053527 -420.693 0.0110726 56.9496
8.15479e-05 12.9245 1.8401 9737.36 -0.0518612 -504.991 0.0127835 67.647
8.15479e-05 20.4839 2.18116 11785.2 -0.0508102 -598.806 0.0148467 80.2191
8.15479e-05 32.4648 2.55126 13998.3 -0.050147 -701.971 0.0172053 94.4021
8.15479e-05 51.4532 2.93775 16305.8 -0.0497286 -810.863 0.0196409 109.015
8.15479e-05 81.5479 3.33997 18703.1 -0.0494646 -925.139 0.0221119 123.822
8.15479e-05 129.245 3.75593 21179.7 -0.049298 -1044.11 0.0245922 138.675
8.15479e-05 204.839 4.18452 23730.2 -0.0491929 -1167.36 0.0270695 153.51
8.15479e-05 324.648 4.62602 26357.4 -0.0491266 -1294.85 0.0295465 168.345
8.15479e-05 514.532 5.08182 29070.2 -0.0490847 -1426.9 0.0320356 183.257
8.15479e-05 815.479 5.55746 31901.5 -0.0490583 -1565.03 0.0345787 198.492
8.15479e-05 1292.45 6.07564 34982.8 -0.0490417 -1715.61 0.0373303 214.943
8.15479e-05 2048.39 6.64902 38389 -0.0490312 -1882.26 0.0403805 233.143
8.15479e-05 3246.48 7.35528 42571.8 -0.0490245 -2087.06 0.0442391 256.052
8.15479e-05 5145.32 8.21604 47661.1 -0.0490203 -2336.36 0.0490386 284.472
8.15479e-05 8154.79 9.32408 54200.9 -0.0490177 -2656.8 0.0553695 321.862
8.15479e-05 12924.5 10.5983 61725.8 -0.049016 -3025.55 0.0626618 364.95
8.15479e-05 20483.9 12.0212 70136.7 -0.049015 -3437.75 0.0706895 412.434
8.15479e-05 32464.8 13.4829 78795.2 -0.0490143 -3862.09 0.0787528 460.237
8.15479e-05 51453.2 14.8043 86650.8 -0.0490139 -4247.09 0.0855749 500.877
8.15479e-05 81547.9 16.0654 94168.2 -0.0490136 -4615.52 0.0917946 538.059
0.000129245 1.29245 0.544536 1488.39 -0.0775053 -115.358 0.0098067 26.8048
0.000129245 2.04839 0.688639 1948.84 -0.0669934 -130.559 0.00848719 24.0186
0.000129245 3.24648 0.894776 2664.47 -0.0603608 -160.83 0.00807057 24.0326
0.000129245 5.14532 1.12936 3530.43 -0.0561759 -198.325 0.00838714 26.2186
0.000129245 8.15479 1.3847 4496.76 -0.0535354 -240.736 0.00929268 30.1776
0.000129245 12.9245 1.65629 5532.68 -0.0518693 -286.976 0.0105886 35.3701
0.000129245 20.4839 1.95136 6654.5 -0.0508182 -338.169 0.0122085 41.6332
0.000129245 32.4648 2.27024 7860.94 -0.0501549 -394.265 0.0140909 48.7913
0.000129245 51.4532 2.60055 9108.44 -0.0497364 -453.021 0.0160454 56.199
0.000129245 81.5479 2.94176 10394.7 -0.0494723 -514.25 0.0180291 63.7058
0.000129245 129.245 3.29234 11714.6 -0.0493057 -577.596 0.0200166 71.2215
0.000129245 204.839 3.65142 13065.6 -0.0492006 -642.837 0.0219954 78.7047
0.000129245 324.648 4.01937 14449.8 -0.0491343 -709.98 0.0239665 86.1601
0.000129245 514.532 4.39749 15872.3 -0.0490925 -779.208 0.025939 93.6241
0.000129245 815.479 4.7906 17351.1 -0.049066 -851.349 0.0279463 101.219
0.000129245 1292.45 5.21804 18957 -0.0490494 -929.831 0.0301093 109.387
0.000129245 2048.39 5.69063 20730.5 -0.0490389 -1016.6 0.0325001 118.395
0.000129245 3246.48 6.27393 22912 -0.0490322 -1123.42 0.035521 129.72
0.000129245 5145.32 6.98558 25568.4 -0.0490281 -1253.57 0.0392825 143.781
0.000129245 8154.79 7.90288 28985.8 -0.0490254 -1421.04 0.0442588 162.33
0.000129245 12924.5 8.95637 32912.5 -0.0490237 -1613.49 0.0500026 183.748
0.000129245 20483.9 10.1295 37289.3 -0.0490227 -1828.02 0.0563284 207.36
0.000129245 32464.8 11.3306 41780 -0.049022 -2048.14 0.0626759 231.108
0.000129245 51453.2 12.408 45823.4 -0.0490216 -2246.33 0.0680138 251.178
0.000129245 81547.9 13.431 49672.8 -0.0490214 -2435.03 0.0728568 269.452
0.000204839 1.29245 0.495878 857.126 -0.0775246 -66.4484 0.0095186 16.4529
0.000204839 2.04839 0.634671 1135.46 -0.0670101 -76.0874 0.00816241 14.603
0.000204839 3.24648 0.822226 1547.13 -0.0603758 -93.4091 0.00759226 14.2858
0.000204839 5.14532 1.03092 2035.47 -0.0561899 -114.373 0.00762217 15.0494
0.000204839 8.15479 1.25472 2572.71 -0.0535487 -137.765 0.00816624 16.7443
0.000204839 12.9245 1.48997 3141.78 -0.0518823 -163.002 0.00907695 19.1399
0.000204839 20.4839 1.74391 3753.46 -0.0508308 -190.791 0.0102884 22.144
0.000204839 32.4648 2.01712 4407.78 -0.0501674 -221.127 0.0117399 25.6537
0.000204839 51.4532 2.29781 5078.65 -0.0497488 -252.657 0.0132683 29.3256
0.000204839 81.5479 2.58559 5764.98 -0.0494847 -285.278 0.0148288 33.0633
0.000204839 129.245 2.87927 6464.37 -0.049318 -318.81 0.016395 36.8091
0.000204839 204.839 3.17824 7175.79 -0.0492129 -353.141 0.0179533 40.5348
0.000204839 324.648 3.48293 7900.56 -0.0491465 -388.285 0.0195023 44.2384
0.000204839 514.532 3.79455 8641.74 -0.0491047 -424.35 0.0210482 47.9354
0.000204839 815.479 4.1173 9409.24 -0.0490783 -461.789 0.022616 51.6842
0.000204839 1292.45 4.46762 10241 -0.0490616 -502.441 0.0242987 55.6993
0.000204839 2048.39 4.85472 11158.8 -0.0490511 -547.35 0.0261529 60.1136
0.000204839 3246.48 5.33371 12290.1 -0.0490445 -602.76 0.0284927 65.6535
0.000204839 5145.32 5.91892 13669.3 -0.0490403 -670.345 0.0314108 72.5408
0.000204839 8154.79 6.67446 15446 -0.0490376 -757.437 0.0352878 81.663
0.000204839 12924.5 7.54106 17484.9 -0.049036 -857.388 0.039779 92.2327
0.000204839 20483.9 8.50327 19750.9 -0.0490349 -968.482 0.044733 103.903
0.000204839 32464.8 9.4851 22067.7 -0.0490342 -1082.08 0.0497031 115.638
0.000204839 51453.2 10.3585 24137 -0.0490338 -1183.53 0.0538583 125.498
0.000204839 81547.9 11.1832 26096.3 -0.0490336 -1279.59 0.0576097 134.434
0.000324648 1.29245 0.454875 497.193 -0.0775552 -38.5599 0.00917456 10.0281
0.000324648 2.04839 0.587879 664.873 -0.0670365 -44.5708 0.00787962 8.91161
0.000324648 3.24648 0.757384 900.488 -0.0603996 -54.3891 0.00724467 8.61351
0.000324648 5.14532 0.941947 1174.65 -0.056212 -66.0293 0.00709293 8.84517
0.000324648 8.15479 1.137 1471.98 -0.0535698 -78.854 0.00737134 9.54305
0.000324648 12.9245 1.33966 1783.16 -0.0519027 -92.5506 0.00797608 10.6166
0.000324648 20.4839 1.55691 2114.94 -0.0508509 -107.547 0.00885131 12.0238
0.000324648 32.4648 1.78954 2467.8 -0.0501872 -123.852 0.00994143 13.7094
0.000324648 51.4532 2.02655 2826.47 -0.0497684 -140.669 0.0111122 15.4984
0.000324648 81.5479 2.26767 3190.46 -0.0495042 -157.941 0.0123196 17.3327
0.000324648 129.245 2.51203 3558.7 -0.0493375 -175.577 0.0135364 19.1764
0.000324648 204.839 2.75923 3930.83 -0.0492323 -193.524 0.0147487 21.0111
0.000324648 324.648 3.00973 4307.74 -0.0491659 -211.794 0.0159531 22.8331
0.000324648 514.532 3.26467 4691.22 -0.0491241 -230.452 0.0171527 24.6479
0.000324648 815.479 3.52771 5086.71 -0.0490976 -249.746 0.0183654 26.4817
0.000324648 1292.45 3.81275 5514.52 -0.049081 -270.658 0.019661 28.4364
0.000324648 2048.39 4.12764 5986.26 -0.0490704 -293.748 0.0210833 30.5769
0.000324648 3246.48 4.51851 6569.33 -0.0490638 -322.316 0.0228736 33.2553
0.000324648 5145.32 4.99693 7281.26 -0.0490596 -357.216 0.0251112 36.5907
0.000324648 8154.79 5.6158 8199.98 -0.049057 -402.266 0.0281008 41.0317
0.000324648 12924.5 6.32478 9252.86 -0.0490553 -453.902 0.0315844 46.2065
0.000324648 20483.9 7.10965 10419.5 -0.0490543 -511.123 0.0354406 51.9399
0.000324648 32464.8 7.9076 11608.1 -0.0490536 -569.419 0.0393133 57.7107
0.000324648 51453.2 8.61123 12660.5 -0.0490532 -621.037 0.042533 62.5333
0.000324648 81547.9 9.27157 13651 -0.0490529 -669.623 0.0454252 66.882
0.000514532 1.29245 0.420936 290.938 -0.0776036 -22.5779 0.00864716 5.97666
0.000514532 2.04839 0.547521 391.442 -0.0670784 -26.2573 0.00748194 5.34909
0.000514532 3.24648 0.699491 525.488 -0.0604373 -31.7591 0.0068418 5.13986
0.000514532 5.14532 0.86161 678.618 -0.0562471 -38.1703 0.00659837 5.19699
0.000514532 8.15479 1.03055 842.367 -0.0536033 -45.1536 0.00671137 5.48586
0.000514532 12.9245 1.20405 1011.66 -0.0519351 -52.5406 0.00710277 5.96782
0.000514532 20.4839 1.38867 1190.58 -0.0508826 -60.5798 0.00772838 6.62597
0.000514532 32.4648 1.58534 1379.67 -0.0502185 -69.2848 0.00853896 7.43115
0.000514532 51.4532 1.78407 1570.18 -0.0497995 -78.1943 0.00942631 8.29622
0.000514532 81.5479 1.98462 1761.91 -0.0495351 -87.2764 0.0103512 9.18963
0.000514532 129.245 2.1864 1954.42 -0.0493683 -96.4862 0.0112884 10.0907
0.000514532 204.839 2.38918 2147.63 -0.049263 -105.799 0.0122242 10.9883
0.000514532 324.648 2.59348 2342.14 -0.0491966 -115.225 0.0131539 11.8791
0.000514532 514.532 2.80032 2538.98 -0.0491547 -124.803 0.0140782 12.7644
0.000514532 815.479 3.0129 2741.16 -0.0491283 -134.668 0.0150096 13.6558
0.000514532 1292.45 3.24297 2959.48 -0.0491116 -145.345 0.0159984 14.5999
0.000514532 2048.39 3.49715 3200.15 -0.0491011 -157.131 0.017078 15.6276
0.000514532 3246.48 3.81392 3498.63 -0.0490944 -171.763 0.0184295 16.906
0.000514532 5145.32 4.20252 3863.79 -0.0490902 -189.674 0.0201224 18.5005
0.000514532 8154.79 4.70641 4336.03 -0.0490876 -212.845 0.0224015 20.6385
0.000514532 12924.5 5.28302 4876.56 -0.0490859 -239.37 0.0250811 23.1515
0.000514532 20483.9 5.91937 5473.64 -0.0490849 -268.673 0.0280654 25.9521
0.000514532 32464.8 6.56385 6079.61 -0.0490842 -298.413 0.0310706 28.7784
0.000514532 51453.2 7.1268 6611.21 -0.0490838 -324.503 0.0335566 31.1289
0.000514532 81547.9 7.65165 7108.34 -0.0490835 -348.902 0.0357784 33.2379
0.000815479 1.29245 0.393441 171.949 -0.0776802 -13.357 0.00793869 3.46952
0.000815479 2.04839 0.512814 231.754 -0.0671445 -15.561 0.00695053 3.14112
0.000815479 3.24648 0.647805 307.492 -0.0604969 -18.6023 0.00634227 3.01047
0.000815479 5.14532 0.789117 392.54 -0.0563026 -22.101 0.00607215 3.02054
0.000815479 8.15479 0.934398 482.23 -0.0536562 -25.8746 0.00610018 3.14822
0.000815479 12.9245 1.08193 573.824 -0.0519863 -29.831 0.00636054 3.37344
0.000815479 20.4839 1.23761 669.682 -0.0509328 -34.1087 0.00681687 3.68868
0.000815479 32.4648 1.40256 770.287 -0.050268 -38.7208 0.00742504 4.07784
0.000815479 51.4532 1.56785 870.752 -0.0498486 -43.4058 0.00809907 4.49806
0.000815479 81.5479 1.73327 970.971 -0.0495839 -48.1446 0.00880786 4.93412
0.000815479 129.245 1.89845 1070.8 -0.049417 -52.9157 0.00952898 5.37472
0.000815479 204.839 2.06331 1170.28 -0.0493116 -57.7084 0.0102502 5.81375
0.000815479 324.648 2.22838 1269.78 -0.0492451 -62.5303 0.0109666 6.24898
0.000815479 514.532 2.39461 1369.91 -0.0492032 -67.404 0.0116775 6.6805
0.000815479 815.479 2.56478 1472.32 -0.0491767 -72.404 0.0123905 7.11282
0.000815479 1292.45 2.74877 1582.75 -0.04916 -77.808 0.0131407 7.56644
0.000815479 2048.39 2.95216 1704.5 -0.0491495 -83.7753 0.0139525 8.0558
0.000815479 3246.48 3.20689 1856.14 -0.0491428 -91.2161 0.0149592 8.6584
0.000815479 5145.32 3.52029 2042.13 -0.0491387 -100.348 0.0162224 9.41065
0.000815479 8154.79 3.92787 2283.29 -0.049136 -112.192 0.017939 10.428
0.000815479 12924.5 4.39378 2559 -0.0491343 -125.735 0.0199835 11.6387
0.000815479 20483.9 4.90631 2862.57 -0.0491333 -140.647 0.0222821 13.0004
0.000815479 32464.8 5.42329 3169.42 -0.0491326 -155.722 0.0246083 14.3813
0.000815479 51453.2 5.87026 3435.92 -0.0491322 -168.815 0.0265243 15.5249
0.000815479 81547.9 6.28397 3683.39 -0.0491319 -180.972 0.0282279 16.546
0.00129245 1.29245 0.371702 102.715 -0.0778011 -7.99133 0.00711122 1.96509
0.00129245 2.04839 0.4829 137.946 -0.067249 -9.27676 0.00632857 1.80783
0.00129245 3.24648 0.601575 180.417 -0.0605911 -10.9317 0.00577709 1.73259
0.00129245 5.14532 0.723713 227.368 -0.0563902 -12.8213 0.00552557 1.73596
0.00129245 8.15479 0.84768 276.211 -0.0537397 -14.8435 0.00552567 1.8005
0.00129245 12.9245 0.972173 325.471 -0.0520673 -16.9464 0.00571549 1.91347
0.00129245 20.4839 1.10229 376.449 -0.0510121 -19.2034 0.00606423 2.07102
0.00129245 32.4648 1.23936 429.545 -0.0503463 -21.626 0.00653248 2.26407
0.00129245 51.4532 1.37559 482.092 -0.0499262 -24.069 0.00705238 2.4716
0.00129245 81.5479 1.51073 534.023 -0.0496611 -26.5202 0.00760056 2.68669
0.00129245 129.245 1.6446 585.317 -0.0494939 -28.9696 0.0081592 2.90388
0.00129245 204.839 1.77724 636.039 -0.0493884 -31.4129 0.00871813 3.12005
0.00129245 324.648 1.90917 686.423 -0.0493218 -33.8556 0.00927252 3.33385
0.00129245 514.532 2.04129 736.831 -0.0492798 -36.3109 0.00982097 3.54502
0.00129245 815.479 2.176 788.163 -0.0492533 -38.8196 0.010368 3.75536
0.00129245 1292.45 2.32158 843.451 -0.0492365 -41.5286 0.0109363 3.97327
0.00129245 2048.39 2.4827 904.449 -0.049226 -44.5224 0.0115433 4.20522
0.00129245 3246.48 2.68576 980.837 -0.0492193 -48.2762 0.0122844 4.48625
0.00129245 5145.32 2.93653 1074.83 -0.0492151 -52.898 0.0132145 4.83678
0.00129245 8154.79 3.26381 1197.09 -0.0492125 -58.912 0.0144934 5.31586
0.00129245 12924.5 3.63758 1336.73 -0.0492108 -65.7818 0.0160432 5.89554
0.00129245 20483.9 4.04738 1489.96 -0.0492098 -73.3207 0.0178086 6.5559
0.00129245 32464.8 4.45895 1644.18 -0.0492091 -80.9088 0.0196081 7.23025
0.00129245 51453.2 4.81084 1776.67 -0.0492087 -87.4278 0.0210846 7.78666
0.00129245 81547.9 5.13394 1898.74 -0.0492084 -93.4338 0.02239 8.28071
0.00204839 1.29245 0.354912 62.0102 -0.0779917 -4.83628 0.00625361 1.09263
0.00204839 2.04839 0.456808 82.4821 -0.0674138 -5.56043 0.00567792 1.02521
0.00204839 3.24648 0.560014 106.115 -0.0607395 -6.44536 0.00520421 0.986126
0.00204839 5.14532 0.664633 131.876 -0.0565284 -7.45471 0.00500144 0.992378
0.00204839 8.15479 0.769524 158.313 -0.0538713 -8.52855 0.00500846 1.03039
0.00204839 12.9245 0.873686 184.636 -0.0521948 -9.63706 0.00516474 1.09147
0.00204839 20.4839 0.981314 211.517 -0.051137 -10.8164 0.00544366 1.17335
0.00204839 32.4648 1.09397 239.279 -0.0504696 -12.0763 0.00581438 1.27175
0.00204839 51.4532 1.20506 266.506 -0.0500485 -13.3382 0.00622284 1.37622
0.00204839 81.5479 1.31422 293.143 -0.0497828 -14.5935 0.00665243 1.48386
0.00204839 129.245 1.42143 319.215 -0.0496151 -15.8379 0.00708974 1.59216
0.00204839 204.839 1.52682 344.783 -0.0495094 -17.07 0.00752674 1.69967
0.00204839 324.648 1.63091 369.992 -0.0494426 -18.2934 0.00795923 1.80565
0.00204839 514.532 1.73454 395.055 -0.0494005 -19.5159 0.00838564 1.9099
0.00204839 815.479 1.83977 420.463 -0.0493739 -20.7599 0.00880749 2.01288
0.00204839 1292.45 1.9535 447.814 -0.0493572 -22.1028 0.00923891 2.1179
0.00204839 2048.39 2.07966 478.032 -0.0493466 -23.5892 0.00969188 2.22778
0.00204839 3246.48 2.23991 516.137 -0.0493399 -25.4662 0.0102329 2.35795
0.00204839 5145.32 2.43875 563.221 -0.0493357 -27.7869 0.0109106 2.51976
0.00204839 8154.79 2.6994 624.707 -0.049333 -30.8187 0.011855 2.74352
0.00204839 12924.5 2.99686 694.869 -0.0493314 -34.2788 0.0130241 3.01983
0.00204839 20483.9 3.32183 771.584 -0.0493303 -38.0625 0.0143776 3.33958
0.00204839 32464.8 3.64671 848.444 -0.0493296 -41.8535 0.0157696 3.66896
0.00204839 51453.2 3.92109 913.688 -0.0493292 -45.0715 0.0169062 3.93947
0.00204839 81547.9 4.17077 973.27 -0.049329 -48.0104 0.017904 4.178
0.00324648 1.29245 0.342156 37.7965 -0.0782912 -2.95913 0.00546184 0.603345
0.00324648 2.04839 0.433488 49.4719 -0.0676727 -3.3479 0.0050489 0.576206
0.00324648 3.24648 0.522312 62.5302 -0.0609728 -3.81264 0.00467404 0.559567
0.00324648 5.14532 0.611121 76.5823 -0.0567455 -4.3457 0.00453507 0.56831
0.00324648 8.15479 0.699073 90.805 -0.0540782 -4.91057 0.00456102 0.592447
0.00324648 12.9245 0.785397 104.773 -0.0523952 -5.48963 0.00469725 0.626622
0.00324648 20.4839 0.873312 118.807 -0.0513334 -6.09879 0.00492185 0.66958
0.00324648 32.4648 0.964696 133.162 -0.0506634 -6.74645 0.00521733 0.720176
0.00324648 51.4532 1.05413 147.115 -0.0502407 -7.39113 0.00554125 0.773341
0.00324648 81.5479 1.1411 160.613 -0.049974 -8.02649 0.00588066 0.827719
0.00324648 129.245 1.22573 173.693 -0.0498057 -8.65092 0.00622557 0.882204
0.00324648 204.839 1.30819 186.403 -0.0496995 -9.26413 0.00656962 0.936099
0.00324648 324.648 1.38902 198.834 -0.0496325 -9.8686 0.00690916 0.989023
0.00324648 514.532 1.46897 211.107 -0.0495902 -10.4689 0.00724234 1.0408
0.00324648 815.479 1.54984 223.493 -0.0495635 -11.0771 0.00756893 1.09147
0.00324648 1292.45 1.63734 236.829 -0.0495467 -11.7341 0.00789683 1.14222
0.00324648 2048.39 1.73473 251.599 -0.0495361 -12.4632 0.00823381 1.1942
0.00324648 3246.48 1.85972 270.391 -0.0495294 -13.3923 0.00862566 1.25411
0.00324648 5145.32 2.01575 293.736 -0.0495252 -14.5473 0.00911423 1.32813
0.00324648 8154.79 2.2214 324.372 -0.0495225 -16.0637 0.009805 1.43174
0.00324648 12924.5 2.45595 359.307 -0.0495208 -17.7932 0.0106805 1.56256
0.00324648 20483.9 2.71126 397.361 -0.0495197 -19.6772 0.0117119 1.71648
0.00324648 32464.8 2.96524 435.3 -0.0495191 -21.5557 0.0127824 1.87647
0.00324648 51453.2 3.17682 467.079 -0.0495186 -23.1291 0.0136501 2.00693
0.00324648 81547.9 3.3674 495.814 -0.0495184 -24.5519 0.0144042 2.12086
0.00514532 1.29245 0.332484 23.2206 -0.0787593 -1.82884 0.00482902 0.337258
0.00514532 2.04839 0.41194 29.7142 -0.0680773 -2.02286 0.00447255 0.322615
0.00514532 3.24648 0.487751 36.8929 -0.0613374 -2.26291 0.00421126 0.318534
0.00514532 5.14532 0.562501 44.5202 -0.0570848 -2.54143 0.00412884 0.326785
0.00514532 8.15479 0.635543 52.1248 -0.0544016 -2.83567 0.0041622 0.341368
0.00514532 12.9245 0.706304 59.4807 -0.0527086 -3.13514 0.00427214 0.359774
0.00514532 20.4839 0.777004 66.7199 -0.0516404 -3.44544 0.00444114 0.381353
0.00514532 32.4648 0.849915 74.0424 -0.0509664 -3.77367 0.00466879 0.406733
0.00514532 51.4532 0.920778 81.0967 -0.0505411 -4.09872 0.00492281 0.433572
0.00514532 81.5479 0.988894 87.8358 -0.0502728 -4.41575 0.00518963 0.460954
0.00514532 129.245 1.05447 94.2922 -0.0501035 -4.72437 0.00546117 0.488346
0.00514532 204.839 1.11775 100.501 -0.0499967 -5.02472 0.00573172 0.515359
0.00514532 324.648 1.17926 106.519 -0.0499293 -5.31842 0.00599759 0.541745
0.00514532 514.532 1.23967 112.417 -0.0498867 -5.6081 0.00625648 0.567352
0.00514532 815.479 1.30054 118.34 -0.0498599 -5.90044 0.00650736 0.592125
0.00514532 1292.45 1.36659 124.727 -0.049843 -6.21675 0.00675409 0.616438
0.00514532 2048.39 1.44049 131.829 -0.0498323 -6.56934 0.00700134 0.640741
0.00514532 3246.48 1.53661 140.972 -0.0498256 -7.02399 0.00727924 0.667812
0.00514532 5145.32 1.65755 152.408 -0.0498213 -7.59319 0.0076224 0.700866
0.00514532 8154.79 1.81804 167.51 -0.0498186 -8.34513 0.00811495 0.747695
0.00514532 12924.5 2.00105 184.724 -0.0498169 -9.20238 0.00875503 0.808209
0.00514532 20483.9 2.19947 203.4 -0.0498159 -10.1326 0.00952278 0.880638
0.00514532 32464.8 2.3958 221.921 -0.0498152 -11.0551 0.0103268 0.956563
0.00514532 51453.2 2.55687 237.206 -0.0498148 -11.8164 0.0109705 1.01775
0.00514532 81547.9 2.70026 250.87 -0.0498145 -12.497 0.0115217 1.07043
0.00815479 1.29245 0.325159 14.3582 -0.079485 -1.14126 0.00444803 0.196413
0.00815479 2.04839 0.391559 17.8522 -0.0687046 -1.22653 0.00401074 0.18286
0.00815479 3.24648 0.455957 21.7914 -0.0619026 -1.34895 0.00383806 0.183431
0.00815479 5.14532 0.518383 25.9159 -0.0576108 -1.49304 0.0037695 0.188451
0.00815479 8.15479 0.578391 29.9564 -0.0549028 -1.64469 0.00377612 0.195575
0.00815479 12.9245 0.635617 33.7955 -0.0531942 -1.79773 0.00384045 0.204196
0.00815479 20.4839 0.691333 37.4744 -0.0521162 -1.95302 0.00394505 0.213845
0.00815479 32.4648 0.748265 41.1461 -0.051436 -2.11639 0.00410438 0.225695
0.00815479 51.4532 0.803265 44.6522 -0.0510068 -2.27757 0.00429604 0.23881
0.00815479 81.5479 0.855415 47.9526 -0.050736 -2.43292 0.00450059 0.252293
0.00815479 129.245 0.905011 51.0733 -0.0505652 -2.58253 0.00471019 0.265814
0.00815479 204.839 0.952347 54.0389 -0.0504573 -2.72666 0.00491888 0.279112
0.00815479 324.648 0.997912 56.8838 -0.0503893 -2.86634 0.00512264 0.292005
0.00815479 514.532 1.04233 59.6485 -0.0503464 -3.00309 0.00531878 0.304374
0.00815479 815.479 1.08693 62.413 -0.0503193 -3.14058 0.0055058 0.316152
0.00815479 1292.45 1.13556 65.4029 -0.0503022 -3.28991 0.00568439 0.327393
0.00815479 2048.39 1.19044 68.7496 -0.0502915 -3.45752 0.00585663 0.338228
0.00815479 3246.48 1.26311 73.1254 -0.0502847 -3.67709 0.00604127 0.349747
0.00815479 5145.32 1.3555 78.6498 -0.0502804 -3.95454 0.00626506 0.363516
0.00815479 8154.79 1.47916 86.0017 -0.0502777 -4.32397 0.00659151 0.383245
0.00815479 12924.5 1.6202 94.3815 -0.050276 -4.74512 0.00702911 0.409466
0.00815479 20483.9 1.7725 103.435 -0.0502749 -5.2002 0.00756603 0.44152
0.00815479 32464.8 1.92231 112.362 -0.0502742 -5.6489 0.00813447 0.475473
0.00815479 51453.2 2.0431 119.606 -0.0502738 -6.01305 0.00858158 0.502378
0.00815479 81547.9 2.14918 125.997 -0.0502735 -6.33432 0.00895634 0.525071
0.0129245 1.29245 0.320135 8.94029 -0.0805943 -0.720536 0.00438751 0.122528
0.0129245 2.04839 0.372749 10.7443 -0.0696634 -0.748484 0.00381955 0.110096
0.0129245 3.24648 0.427354 12.9088 -0.0627664 -0.810236 0.00362119 0.109383
0.0129245 5.14532 0.479023 15.1319 -0.0584148 -0.883924 0.00348674 0.110143
0.0129245 8.15479 0.527618 17.2625 -0.055669 -0.960988 0.00342116 0.111933
0.0129245 12.9245 0.573034 19.243 -0.0539366 -1.0379 0.00341837 0.114792
0.0129245 20.4839 0.615743 21.0768 -0.0528435 -1.11377 0.00345184 0.118156
0.0129245 32.4648 0.658899 22.8769 -0.0521538 -1.19312 0.00354032 0.122919
0.0129245 51.4532 0.700377 24.58 -0.0517186 -1.27124 0.00367115 0.12884
0.0129245 81.5479 0.739069 26.1551 -0.051444 -1.34552 0.0038168 0.135074
0.0129245 129.245 0.775342 27.6215 -0.0512708 -1.41617 0.00396849 0.141377
0.0129245 204.839 0.809514 28.9956 -0.0511615 -1.48346 0.00411954 0.147556
0.0129245 324.648 0.842049 30.2982 -0.0510925 -1.54801 0.00426557 0.153482
0.0129245 514.532 0.873505 31.5524 -0.051049 -1.61072 0.00440362 0.159066
0.0129245 815.479 0.905008 32.8013 -0.0510215 -1.67357 0.0045317 0.164248
0.0129245 1292.45 0.939695 34.1608 -0.0510042 -1.74235 0.00464864 0.168993
0.0129245 2048.39 0.979351 35.6984 -0.0509933 -1.82038 0.00475459 0.17331
0.0129245 3246.48 1.03318 37.7522 -0.0509864 -1.92485 0.00485797 0.17751
0.0129245 5145.32 1.10256 40.3772 -0.050982 -2.05851 0.0049778 0.182294
0.0129245 8154.79 1.19646 43.9057 -0.0509793 -2.23828 0.00515816 0.189286
0.0129245 12924.5 1.30365 47.9297 -0.0509776 -2.44334 0.00541487 0.199082
0.0129245 20483.9 1.41889 52.2581 -0.0509765 -2.66393 0.00574394 0.211551
0.0129245 32464.8 1.53153 56.499 -0.0509758 -2.88008 0.00610036 0.225045
0.0129245 51453.2 1.62058 59.8753 -0.0509753 -3.05217 0.00637429 0.23551
0.0129245 81547.9 1.69754 62.8084 -0.0509751 -3.20166 0.0065968 0.24408
0.0204839 1.29245 0.318615 5.63215 -0.0822494 -0.463241 0.00455886 0.0805868
0.0204839 2.04839 0.357585 6.5212 -0.0710941 -0.463619 0.0039624 0.0722616
0.0204839 3.24648 0.403585 7.71093 -0.0640555 -0.493927 0.00360915 0.0689566
0.0204839 5.14532 0.445628 8.90213 -0.0596144 -0.530695 0.00335646 0.0670508
0.0204839 8.15479 0.484025 10.0125 -0.0568123 -0.568834 0.00320068 0.0662091
0.0204839 12.9245 0.518987 11.0165 -0.0550443 -0.606394 0.00312587 0.0663525
0.0204839 20.4839 0.550418 11.9071 -0.0539287 -0.642136 0.00309164 0.0668812
0.0204839 32.4648 0.581735 12.7627 -0.0532249 -0.679293 0.00310794 0.0681852
0.0204839 51.4532 0.611703 13.5635 -0.0527808 -0.715894 0.00317161 0.0703254
0.0204839 81.5479 0.639108 14.2884 -0.0525005 -0.750146 0.00325171 0.0726975
0.0204839 129.245 0.66436 14.9505 -0.0523237 -0.782266 0.0033391 0.0751419
0.0204839 204.839 0.687783 15.5606 -0.0522122 -0.812455 0.00342708 0.0775355
0.0204839 324.648 0.709805 16.131 -0.0521418 -0.841097 0.00351136 0.079799
0.0204839 514.532 0.730912 16.6744 -0.0520974 -0.868695 0.00358913 0.0818795
0.0204839 815.479 0.752054 17.2142 -0.0520694 -0.896332 0.00365842 0.0837396
0.0204839 1292.45 0.775747 17.8091 -0.0520517 -0.926995 0.0037167 0.0853257
0.0204839 2048.39 0.803423 18.4935 -0.0520405 -0.962412 0.00376261 0.0866092
0.0204839 3246.48 0.842334 19.4358 -0.0520335 -1.01131 0.00379692 0.0876094
0.0204839 5145.32 0.893452 20.6606 -0.0520291 -1.07495 0.00383146 0.0886005
0.0204839 8154.79 0.963636 22.3286 -0.0520263 -1.16167 0.00389305 0.0902066
0.0204839 12924.5 1.04389 24.2332 -0.0520245 -1.26072 0.00400156 0.0928939
0.0204839 20483.9 1.12978 26.2726 -0.0520234 -1.36679 0.00415968 0.0967317
0.0204839 32464.8 1.21316 28.257 -0.0520227 -1.47001 0.0043423 0.101141
0.0204839 51453.2 1.27759 29.8026 -0.0520222 -1.5504 0.00447789 0.104456
0.0204839 81547.9 1.33222 31.1208 -0.0520219 -1.61896 0.00458197 0.107035
0.0324648 1.29245 0.322911 3.62155 -0.0846143 -0.306435 0.00471206 0.0528472
0.0324648 2.04839 0.349525 4.04094 -0.0731382 -0.295548 0.00419664 0.0485184
0.0324648 3.24648 0.387144 4.68792 -0.0658973 -0.308921 0.00370748 0.0448939
0.0324648 5.14532 0.420006 5.31678 -0.0613285 -0.32607 0.00336947 0.0426535
0.0324648 8.15479 0.448924 5.88329 -0.0584458 -0.343854 0.00314891 0.0412674
0.0324648 12.9245 0.474409 6.37804 -0.056627 -0.361169 0.00301517 0.0405365
0.0324648 20.4839 0.49607 6.79487 -0.0554793 -0.376975 0.00292409 0.0400525
0.0324648 32.4648 0.517273 7.1837 -0.0547552 -0.393345 0.00287235 0.0398902
0.0324648 51.4532 0.537472 7.54227 -0.0542984 -0.409533 0.00286279 0.0401732
0.0324648 81.5479 0.555491 7.85804 -0.0540101 -0.424414 0.00287021 0.0406024
0.0324648 129.245 0.571736 8.13964 -0.0538282 -0.438142 0.0028869 0.0411
0.0324648 204.839 0.586518 8.39365 -0.0537135 -0.450852 0.00290725 0.0416057
0.0324648 324.648 0.600208 8.62702 -0.053641 -0.462763 0.00292768 0.0420806
0.0324648 514.532 0.613222 8.8469 -0.0535954 -0.474153 0.00294578 0.0424985
0.0324648 815.479 0.62634 9.06548 -0.0535665 -0.485606 0.00295978 0.0428391
0.0324648 1292.45 0.641561 9.31243 -0.0535483 -0.498665 0.00296677 0.0430635
0.0324648 2048.39 0.660016 9.60496 -0.0535369 -0.51422 0.00296474 0.0431447
0.0324648 3246.48 0.68737 10.0263 -0.0535296 -0.536705 0.0029507 0.0430403
0.0324648 5145.32 0.724274 10.5871 -0.0535251 -0.566674 0.00293132 0.0428486
0.0324648 8154.79 0.775915 11.3641 -0.0535222 -0.60823 0.00292192 0.0427946
0.0324648 12924.5 0.835136 12.2535 -0.0535204 -0.655811 0.00294181 0.0431635
0.0324648 20483.9 0.898234 13.2014 -0.0535192 -0.706526 0.00299644 0.0440388
0.0324648 32464.8 0.95903 14.1168 -0.0535185 -0.755512 0.00307363 0.0452436
0.0324648 51453.2 1.00478 14.8118 -0.053518 -0.792696 0.0031274 0.0461021
0.0324648 81547.9 1.04267 15.3913 -0.0535177 -0.82371 0.00316382 0.0467026
0.0514532 1.29245 0.334179 2.39147 -0.0877136 -0.209764 0.00467458 0.0334524
0.0514532 2.04839 0.350694 2.58261 -0.0758172 -0.195807 0.00425928 0.0313666
0.0514532 3.24648 0.379229 2.92353 -0.068311 -0.199709 0.00367595 0.0283384
0.0514532 5.14532 0.402868 3.24615 -0.0635749 -0.206374 0.00329108 0.0265183
0.0514532 8.15479 0.422748 3.52527 -0.0605866 -0.213584 0.00304053 0.0253549
0.0514532 12.9245 0.439554 3.75844 -0.0587011 -0.220624 0.00287912 0.0246181
0.0514532 20.4839 0.45283 3.94293 -0.0575115 -0.226763 0.00276152 0.0240454
0.0514532 32.4648 0.465518 4.10776 -0.0567608 -0.23316 0.00267388 0.0235945
0.0514532 51.4532 0.477534 4.25602 -0.0562872 -0.23956 0.00261895 0.0233414
0.0514532 81.5479 0.487871 4.38157 -0.0559884 -0.245317 0.00257892 0.0231613
0.0514532 129.245 0.496893 4.48964 -0.0557998 -0.250521 0.002548 0.0230223
0.0514532 204.839 0.504863 4.58406 -0.0556809 -0.255244 0.00252232 0.0229021
0.0514532 324.648 0.512092 4.66869 -0.0556058 -0.259606 0.00249948 0.0227875
0.0514532 514.532 0.518914 4.74735 -0.0555585 -0.263755 0.00247787 0.0226691
0.0514532 815.479 0.52596 4.82633 -0.0555286 -0.267999 0.00245642 0.0225407
0.0514532 1292.45 0.534798 4.92052 -0.0555097 -0.273136 0.00243319 0.022387
0.0514532 2048.39 0.546313 5.03845 -0.0554978 -0.279623 0.00240673 0.0221965
0.0514532 3246.48 0.564898 5.22109 -0.0554903 -0.28972 0.00237518 0.0219527
0.0514532 5145.32 0.590967 5.47277 -0.0554856 -0.30366 0.0023432 0.0216997
0.0514532 8154.79 0.628406 5.82999 -0.0554826 -0.323463 0.00232252 0.021547
0.0514532 12924.5 0.671547 6.24062 -0.0554807 -0.346234 0.00232748 0.021629
0.0514532 20483.9 0.717307 6.67616 -0.0554795 -0.37039 0.00236148 0.0219789
0.0514532 32464.8 0.761033 7.09333 -0.0554788 -0.393529 0.00241578 0.0225166
0.0514532 51453.2 0.792898 7.40027 -0.0554783 -0.410554 0.00245305 0.0228948
0.0514532 81547.9 0.818528 7.64909 -0.055478 -0.424356 0.00247801 0.0231569
0.0815479 1.29245 0.348254 1.60944 -0.0909957 -0.146452 0.00394584 0.0182355
0.0815479 2.04839 0.357327 1.69231 -0.0786541 -0.133107 0.00361126 0.017103
0.0815479 3.24648 0.376522 1.86372 -0.070867 -0.132076 0.00316742 0.0156782
0.0815479 5.14532 0.391309 2.02307 -0.0659537 -0.133429 0.00293115 0.0151541
0.0815479 8.15479 0.402891 2.15397 -0.0628536 -0.135385 0.00279236 0.0149288
0.0815479 12.9245 0.411986 2.2564 -0.0608976 -0.137409 0.00269854 0.0147796
0.0815479 20.4839 0.418213 2.33029 -0.0596634 -0.139033 0.00260962 0.0145408
0.0815479 32.4648 0.423884 2.39145 -0.0588847 -0.14082 0.00252972 0.014272
0.0815479 51.4532 0.429167 2.44356 -0.0583934 -0.142688 0.00246609 0.0140412
0.0815479 81.5479 0.433303 2.48428 -0.0580834 -0.144296 0.00240659 0.0137979
0.0815479 129.245 0.436584 2.51664 -0.0578878 -0.145683 0.00235095 0.0135518
0.0815479 204.839 0.439219 2.54281 -0.0577644 -0.146884 0.00229881 0.0133087
0.0815479 324.648 0.441452 2.56485 -0.0576865 -0.147957 0.00225005 0.0130728
0.0815479 514.532 0.44354 2.58474 -0.0576374 -0.148978 0.00220456 0.0128471
0.0815479 815.479 0.445981 2.60571 -0.0576064 -0.150105 0.00216239 0.0126341
0.0815479 1292.45 0.449995 2.63515 -0.0575868 -0.15175 0.00212317 0.0124332
0.0815479 2048.39 0.456265 2.67729 -0.0575745 -0.154144 0.00208647 0.0122431
0.0815479 3246.48 0.468175 2.7522 -0.0575667 -0.158435 0.00205344 0.0120713
0.0815479 5145.32 0.485967 2.86155 -0.0575618 -0.164716 0.00202805 0.0119419
0.0815479 8154.79 0.512521 3.02252 -0.0575587 -0.173972 0.0020216 0.0119221
0.0815479 12924.5 0.543363 3.20891 -0.0575567 -0.184694 0.0020415 0.0120564
0.0815479 20483.9 0.575932 3.40568 -0.0575555 -0.196016 0.00208711 0.0123418
0.0815479 32464.8 0.606752 3.59229 -0.0575547 -0.206753 0.00214882 0.0127221
0.0815479 51453.2 0.628287 3.72399 -0.0575542 -0.214331 0.00219167 0.0129905
0.0815479 81547.9 0.644905 3.82654 -0.0575539 -0.220233 0.0022224 0.0131866
0.129245 1.29245 0.355319 1.08382 -0.0921034 -0.0998232 0.00328433 0.0100181
0.129245 2.04839 0.359578 1.11266 -0.0796115 -0.0885804 0.00306581 0.00948667
0.129245 3.24648 0.370875 1.19326 -0.0717297 -0.0855924 0.00298063 0.00958998
0.129245 5.14532 0.378024 1.26689 -0.0667566 -0.0845729 0.0028692 0.00961565
0.129245 8.15479 0.382376 1.32222 -0.0636187 -0.0841179 0.00274353 0.00948688
0.129245 12.9245 0.384728 1.36011 -0.0616389 -0.0838359 0.00261498 0.00924463
0.129245 20.4839 0.384939 1.38205 -0.0603897 -0.0834616 0.00248775 0.00893179
0.129245 32.4648 0.384712 1.39638 -0.0596015 -0.0832265 0.00236581 0.00858713
0.129245 51.4532 0.384327 1.40598 -0.0591042 -0.0830994 0.00225636 0.00825443
0.129245 81.5479 0.383294 1.41035 -0.0587904 -0.0829153 0.00215905 0.00794439
0.129245 129.245 0.381836 1.4112 -0.0585924 -0.0826854 0.00207332 0.00766262
0.129245 204.839 0.380113 1.40969 -0.0584675 -0.0824208 0.00199824 0.00741068
0.129245 324.648 0.378304 1.40689 -0.0583887 -0.0821464 0.00193274 0.00718775
0.129245 514.532 0.376598 1.40379 -0.058339 -0.0818956 0.00187569 0.00699173
0.129245 815.479 0.375373 1.40198 -0.0583076 -0.081746 0.00182622 0.00682074
0.129245 1292.45 0.375553 1.40505 -0.0582878 -0.0818971 0.00178366 0.00667316
0.129245 2048.39 0.377646 1.41501 -0.0582753 -0.0824603 0.00174746 0.00654761
0.129245 3246.48 0.384196 1.44151 -0.0582674 -0.0839928 0.00171941 0.00645124
0.129245 5145.32 0.395313 1.48504 -0.0582624 -0.0865218 0.00170263 0.00639612
0.129245 8154.79 0.413064 1.55346 -0.0582593 -0.0905035 0.00170658 0.00641815
0.129245 12924.5 0.433984 1.63382 -0.0582573 -0.095182 0.00173421 0.00652878
0.129245 20483.9 0.455985 1.71828 -0.0582561 -0.1001 0.0017829 0.00671849
0.129245 32464.8 0.476541 1.79733 -0.0582553 -0.104704 0.00184329 0.00695222
0.129245 51453.2 0.490009 1.84966 -0.0582548 -0.107751 0.001886 0.00711915
0.129245 81547.9 0.499702 1.8877 -0.0582545 -0.109967 0.00191764 0.00724419
0.204839 1.29245 0.344345 0.720452 -0.0835748 -0.0602116 0.00345927 0.00723763
0.204839 2.04839 0.345885 0.717713 -0.0722397 -0.0518474 0.00334248 0.00693568
0.204839 3.24648 0.35014 0.744762 -0.0650877 -0.0484748 0.00302209 0.00642812
0.204839 5.14532 0.350045 0.768599 -0.0605751 -0.0465579 0.00274887 0.00603573
0.204839 8.15479 0.347399 0.782136 -0.0577278 -0.045151 0.00252167 0.0056773
0.204839 12.9245 0.343226 0.786445 -0.0559313 -0.0439868 0.00233496 0.00535016
0.204839 20.4839 0.337807 0.783443 -0.0547977 -0.0429309 0.00219279 0.00508551
0.204839 32.4648 0.332251 0.777037 -0.0540825 -0.0420241 0.00206676 0.00483354
0.204839 51.4532 0.326803 0.768821 -0.0536313 -0.0412328 0.00195397 0.00459681
0.204839 81.5479 0.321253 0.758991 -0.0533466 -0.0404896 0.00186063 0.00439593
0.204839 129.245 0.315749 0.74835 -0.0531669 -0.0397875 0.00178212 0.00422377
0.204839 204.839 0.310388 0.737427 -0.0530536 -0.0391231 0.00171541 0.00407552
0.204839 324.648 0.305276 0.726671 -0.052982 -0.0385005 0.00165824 0.00394723
0.204839 514.532 0.300527 0.716483 -0.0529369 -0.0379284 0.00160892 0.0038358
0.204839 815.479 0.296391 0.707544 -0.0529084 -0.0374351 0.00156653 0.00373963
0.204839 1292.45 0.293496 0.701419 -0.0528905 -0.0370984 0.00153128 0.00365957
0.204839 2048.39 0.292183 0.698964 -0.0528791 -0.0369606 0.00150326 0.00359614
0.204839 3246.48 0.294192 0.704385 -0.052872 -0.0372422 0.00148641 0.00355891
0.204839 5145.32 0.299533 0.717737 -0.0528675 -0.0379449 0.0014828 0.00355306
0.204839 8154.79 0.309539 0.742243 -0.0528646 -0.0392384 0.00150026 0.00359747
0.204839 12924.5 0.32173 0.771981 -0.0528628 -0.0408091 0.00153587 0.00368527
0.204839 20483.9 0.334522 0.803161 -0.0528617 -0.0424564 0.00158452 0.00380431
0.204839 32464.8 0.346245 0.831772 -0.052861 -0.0439683 0.00163773 0.00393426
0.204839 51453.2 0.353031 0.848517 -0.0528605 -0.0448531 0.00167174 0.00401807
0.204839 81547.9 0.357174 0.858894 -0.0528602 -0.0454013 0.00169443 0.00407458
0.324648 1.29245 0.29464 0.45633 -0.0442255 -0.0201814 0.00298853 0.00462855
0.324648 2.04839 0.292748 0.429724 -0.0382273 -0.0164272 0.002944 0.0043215
0.324648 3.24648 0.288534 0.419919 -0.0344426 -0.0144631 0.00257816 0.00375213
0.324648 5.14532 0.280756 0.411925 -0.0320547 -0.0132041 0.00230563 0.00338282
0.324648 8.15479 0.271361 0.401809 -0.030548 -0.0122745 0.00209628 0.003104
0.324648 12.9245 0.26142 0.389841 -0.0295973 -0.0115382 0.00193195 0.00288101
0.324648 20.4839 0.251495 0.376967 -0.0289975 -0.0109311 0.00180932 0.00271199
0.324648 32.4648 0.242079 0.364193 -0.028619 -0.0104229 0.00170322 0.0025624
0.324648 51.4532 0.233204 0.351791 -0.0283802 -0.0099839 0.00160746 0.00242488
0.324648 81.5479 0.224837 0.339857 -0.0282296 -0.00959402 0.00152653 0.00230747
0.324648 129.245 0.217009 0.328539 -0.0281345 -0.00924328 0.00145678 0.00220549
0.324648 204.839 0.209725 0.317908 -0.0280745 -0.00892511 0.00139603 0.00211614
0.324648 324.648 0.202997 0.308022 -0.0280367 -0.00863592 0.00134277 0.00203749
0.324648 514.532 0.196844 0.298942 -0.0280128 -0.00837418 0.00129601 0.00196821
0.324648 815.479 0.191367 0.290837 -0.0279977 -0.00814277 0.00125543 0.00190798
0.324648 1292.45 0.186884 0.284205 -0.0279882 -0.00795439 0.00122224 0.00185874
0.324648 2048.39 0.183555 0.279301 -0.0279822 -0.00781546 0.00119714 0.0018216
0.324648 3246.48 0.1823 0.277535 -0.0279784 -0.00776499 0.00118553 0.00180486
0.324648 5145.32 0.183068 0.278833 -0.027976 -0.00780065 0.0011886 0.00181037
0.324648 8154.79 0.186502 0.284184 -0.0279745 -0.00794992 0.00121298 0.00184829
0.324648 12924.5 0.19118 0.291427 -0.0279736 -0.00815225 0.00125186 0.00190828
0.324648 20483.9 0.196127 0.299076 -0.027973 -0.00836603 0.00129888 0.00198067
0.324648 32464.8 0.200481 0.305819 -0.0279726 -0.00855455 0.00134614 0.00205343
0.324648 51453.2 0.20216 0.308476 -0.0279724 -0.0086288 0.00137357 0.00209594
0.324648 81547.9 0.202402 0.308937 -0.0279722 -0.00864165 0.0013899 0.00212148
0.514532 1.29245 0.184915 0.243452 0.0830265 0.020213 0.00160712 0.00211588
0.514532 2.04839 0.173 0.199267 0.0717658 0.0143005 0.00148786 0.00171377
0.514532 3.24648 0.159652 0.170909 0.0646607 0.0110511 0.0013207 0.00141383
0.514532 5.14532 0.146238 0.150368 0.0601777 0.0090488 0.0011919 0.00122556
0.514532 8.15479 0.133817 0.134241 0.0573491 0.00769858 0.00108581 0.00108925
0.514532 12.9245 0.122776 0.121241 0.0555643 0.00673665 0.000996752 0.000984284
0.514532 20.4839 0.113185 0.110657 0.0544383 0.00602396 0.000922061 0.000901466
0.514532 32.4648 0.104902 0.101922 0.0537278 0.00547606 0.000858025 0.000833651
0.514532 51.4532 0.0976192 0.0944887 0.0532795 0.00503431 0.000801712 0.000776002
0.514532 81.5479 0.0911891 0.0880699 0.0529966 0.00466741 0.00075226 0.000726529
0.514532 129.245 0.0854904 0.0824654 0.0528181 0.00435567 0.000708539 0.000683468
0.514532 204.839 0.0804216 0.0775287 0.0527055 0.00408619 0.000669688 0.000645598
0.514532 324.648 0.0759055 0.0731579 0.0526345 0.00385063 0.000635064 0.000612077
0.514532 514.532 0.0718858 0.0692831 0.0525896 0.00364357 0.000604202 0.000582326
0.514532 815.479 0.068338 0.0658718 0.0525613 0.00346231 0.000576895 0.000556075
0.514532 1292.45 0.0653168 0.0629718 0.0525435 0.00330876 0.000553573 0.000533698
0.514532 2048.39 0.0628399 0.0605978 0.0525322 0.00318334 0.000534515 0.000515443
0.514532 3246.48 0.061135 0.0589682 0.0525251 0.00309731 0.000522191 0.000503683
0.514532 5145.32 0.0601531 0.0580355 0.0525207 0.00304806 0.000517691 0.000499466
0.514532 8154.79 0.0600271 0.057928 0.0525178 0.00304225 0.000525065 0.000506703
0.514532 12924.5 0.0603189 0.0582232 0.052516 0.00305765 0.000541851 0.000523026
0.514532 20483.9 0.0606958 0.0586002 0.0525149 0.00307738 0.000564485 0.000544995
0.514532 32464.8 0.0609335 0.0588421 0.0525142 0.00309005 0.000588345 0.000568151
0.514532 51453.2 0.0604532 0.05839 0.0525138 0.00306628 0.000601416 0.000580891
0.514532 81547.9 0.0595919 0.057569 0.0525135 0.00302315 0.000608183 0.000587538
0.815479 1.29245 0.0670179 0.0922059 0.4477 0.0412806 0.000579865 0.000797802
0.815479 2.04839 0.0466487 0.0498543 0.386979 0.0192926 0.000469647 0.00050192
0.815479 3.24648 0.0310673 0.0272147 0.348667 0.00948887 0.000376924 0.000330183
0.815479 5.14532 0.020547 0.0157863 0.324493 0.00512254 0.000290985 0.000223564
0.815479 8.15479 0.0138827 0.010002 0.309241 0.00309302 0.000221432 0.000159534
0.815479 12.9245 0.00981962 0.00671186 0.299617 0.00201099 0.000171585 0.000117281
0.815479 20.4839 0.00732241 0.00481187 0.293545 0.0014125 0.000137483 9.03461e-05
0.815479 32.4648 0.00573326 0.00366686 0.289714 0.00106234 0.00011504 7.35771e-05
0.815479 51.4532 0.00466382 0.00292995 0.287296 0.000841764 0.000100275 6.29956e-05
0.815479 81.5479 0.00390956 0.00242794 0.285771 0.000693835 9.03344e-05 5.61001e-05
0.815479 129.245 0.00335366 0.00206758 0.284809 0.000588865 8.33486e-05 5.13856e-05
0.815479 204.839 0.002928 0.00179699 0.284201 0.000510706 7.81339e-05 4.79527e-05
0.815479 324.648 0.00259223 0.00158651 0.283818 0.000450281 7.40251e-05 4.53053e-05
0.815479 514.532 0.00232129 0.00141834 0.283576 0.000402209 7.06764e-05 4.31844e-05
0.815479 815.479 0.00209777 0.00128055 0.283424 0.000362939 6.79882e-05 4.15025e-05
0.815479 1292.45 0.00191497 0.00116837 0.283328 0.000331032 6.61675e-05 4.03704e-05
0.815479 2048.39 0.00176757 0.00107818 0.283267 0.000305413 6.53665e-05 3.98722e-05
0.815479 3246.48 0.00165547 0.00100973 0.283229 0.000285984 6.65461e-05 4.05886e-05
0.815479 5145.32 0.0015748 0.000960546 0.283205 0.000272031 6.98866e-05 4.26272e-05
0.815479 8154.79 0.00152454 0.000929964 0.283189 0.000263356 7.62802e-05 4.65307e-05
0.815479 12924.5 0.0014913 0.000909791 0.28318 0.000257634 8.42839e-05 5.14188e-05
0.815479 20483.9 0.00146303 0.000892661 0.283174 0.000252778 9.24821e-05 5.64275e-05
0.815479 32464.8 0.0014345 0.000875373 0.28317 0.000247879 9.98639e-05 6.09398e-05
0.815479 51453.2 0.00139088 0.000848869 0.283167 0.000240372 0.000103787 6.33423e-05
0.815479 81547.9 0.00133982 0.000817817 0.283166 0.000231578 0.000105849 6.46093e-05
