1.29245e-05 1.29245 1.1088 42895.1 -0.0774756 -3323.32 0.0135331 523.546
1.29245e-05 2.04839 1.2029 46535.7 -0.0669677 -3116.39 0.0105358 407.59
1.29245e-05 3.24648 1.48577 57478.9 -0.0603376 -3468.14 0.00927565 358.84
1.29245e-05 5.14532 1.90204 73582.7 -0.0561543 -4131.98 0.0108853 421.113
1.29245e-05 8.15479 2.43287 94118.7 -0.0535148 -5036.75 0.0142194 550.096
1.29245e-05 12.9245 3.0697 118755 -0.0518494 -6157.38 0.0182069 704.356
1.29245e-05 20.4839 3.80744 147295 -0.0507987 -7482.41 0.0224067 866.829
1.29245e-05 32.4648 4.7135 182348 -0.0501356 -9142.11 0.0266414 1030.66
1.29245e-05 51.4532 5.70967 220886 -0.0497173 -10981.8 0.030876 1194.47
1.29245e-05 81.5479 6.7863 262536 -0.0494534 -12983.3 0.0350713 1356.78
1.29245e-05 129.245 7.93607 307017 -0.0492868 -15131.9 0.0392162 1517.13
1.29245e-05 204.839 9.15213 354061 -0.0491817 -17413.3 0.0433082 1675.43
1.29245e-05 324.648 10.4282 403427 -0.0491154 -19814.5 0.0473492 1831.76
1.29245e-05 514.532 11.7584 454888 -0.0490736 -22323 0.0513412 1986.2
1.29245e-05 815.479 13.1374 508236 -0.0490472 -24927.6 0.0552871 2138.85
1.29245e-05 1292.45 14.5603 563284 -0.0490306 -27618.1 0.0591904 2289.85
1.29245e-05 2048.39 16.0227 619858 -0.0490201 -30385.5 0.063053 2439.28
1.29245e-05 3246.48 17.5204 677800 -0.0490134 -33221.3 0.0668769 2587.21
1.29245e-05 5145.32 19.0498 736966 -0.0490092 -36118.1 0.0706643 2733.73
1.29245e-05 8154.79 20.6075 797225 -0.0490066 -39069.3 0.074416 2878.87
1.29245e-05 12924.5 22.1903 858458 -0.0490049 -42068.7 0.078133 3022.67
1.29245e-05 20483.9 23.7954 920553 -0.0490039 -45110.7 0.0818167 3165.18
1.29245e-05 32464.8 25.4226 983505 -0.0490032 -48194.9 0.0854711 3306.55
1.29245e-05 51453.2 27.0626 1.04695e+06 -0.0490028 -51303.4 0.089084 3446.32
1.29245e-05 81547.9 28.7202 1.11107e+06 -0.0490025 -54445.5 0.0926679 3584.97
2.04839e-05 1.29245 1.01268 24719 -0.0774775 -1915.16 0.0112771 275.268
2.04839e-05 2.04839 1.09986 26846.9 -0.0669694 -1797.92 0.00876731 214.005
2.04839e-05 3.24648 1.35601 33099.4 -0.0603391 -1997.19 0.00773651 188.844
2.04839e-05 5.14532 1.72729 42162.2 -0.0561557 -2367.65 0.00901326 220.008
2.04839e-05 8.15479 2.19489 53576 -0.0535162 -2867.18 0.0116431 284.201
2.04839e-05 12.9245 2.74996 67124.8 -0.0518507 -3480.47 0.0147767 360.691
2.04839e-05 20.4839 3.38708 82676.6 -0.0507999 -4199.96 0.0180663 440.989
2.04839e-05 32.4648 4.16344 101627 -0.0501369 -5095.27 0.0213736 521.718
2.04839e-05 51.4532 5.01075 122309 -0.0497186 -6081.05 0.0246728 602.249
2.04839e-05 81.5479 5.92039 144513 -0.0494546 -7146.84 0.0279354 681.888
2.04839e-05 129.245 6.88586 168080 -0.0492881 -8284.33 0.0311543 760.457
2.04839e-05 204.839 7.90121 192864 -0.049183 -9485.62 0.0343287 837.943
2.04839e-05 324.648 8.96105 218734 -0.0491167 -10743.5 0.03746 914.378
2.04839e-05 514.532 10.0605 245570 -0.0490748 -12051.3 0.0405513 989.834
2.04839e-05 815.479 11.1949 273262 -0.0490484 -13403.1 0.0436043 1064.36
2.04839e-05 1292.45 12.3605 301713 -0.0490318 -14793.5 0.0466215 1138
2.04839e-05 2048.39 13.5535 330833 -0.0490213 -16217.9 0.0496044 1210.82
2.04839e-05 3246.48 14.7706 360542 -0.0490146 -17671.9 0.0525544 1282.82
2.04839e-05 5145.32 16.0089 390768 -0.0490105 -19151.7 0.0554726 1354.05
2.04839e-05 8154.79 17.2657 421446 -0.0490078 -20654.1 0.05836 1424.53
2.04839e-05 12924.5 18.5385 452515 -0.0490062 -22176 0.061217 1494.27
2.04839e-05 20483.9 19.8252 483923 -0.0490051 -23714.7 0.0640441 1563.28
2.04839e-05 32464.8 21.1256 515665 -0.0490044 -25269.9 0.066844 1631.62
2.04839e-05 51453.2 22.4326 547566 -0.049004 -26832.9 0.0696088 1699.11
2.04839e-05 81547.9 23.7497 579717 -0.0490038 -28408.3 0.0723476 1765.96
3.24648e-05 1.29245 0.924909 14244.8 -0.0774806 -1103.7 0.00936071 144.167
3.24648e-05 2.04839 1.00574 15489.6 -0.066972 -1037.37 0.00729217 112.309
3.24648e-05 3.24648 1.23744 19058.3 -0.0603415 -1150 0.00646818 99.6183
3.24648e-05 5.14532 1.56796 24148.6 -0.056158 -1356.14 0.00746681 114.999
3.24648e-05 8.15479 1.97878 30475.8 -0.0535183 -1631.02 0.00951472 146.539
3.24648e-05 12.9245 2.4611 37904.2 -0.0518528 -1965.44 0.0119537 184.103
3.24648e-05 20.4839 3.00944 46349.2 -0.0508019 -2354.63 0.0145117 223.499
3.24648e-05 32.4648 3.67218 56556.4 -0.0501389 -2835.67 0.0170813 263.074
3.24648e-05 51.4532 4.38999 67611.5 -0.0497205 -3361.68 0.0196424 302.519
3.24648e-05 81.5479 5.15527 79397.8 -0.0494566 -3926.74 0.0221741 341.509
3.24648e-05 129.245 5.96236 91828.1 -0.04929 -4526.21 0.0246712 379.968
3.24648e-05 204.839 6.80618 104824 -0.0491849 -5155.76 0.0271327 417.879
3.24648e-05 324.648 7.68217 118315 -0.0491186 -5811.49 0.0295606 455.272
3.24648e-05 514.532 8.58625 132239 -0.0490768 -6489.88 0.0319557 492.16
3.24648e-05 815.479 9.51474 146539 -0.0490504 -7187.81 0.03432 528.573
3.24648e-05 1292.45 10.4644 161165 -0.0490337 -7902.53 0.0366544 564.525
3.24648e-05 2048.39 11.4323 176072 -0.0490232 -8631.62 0.0389596 600.029
3.24648e-05 3246.48 12.4158 191220 -0.0490166 -9372.95 0.041237 635.104
3.24648e-05 5145.32 13.4127 206573 -0.0490124 -10124.6 0.0434866 669.75
3.24648e-05 8154.79 14.4208 222099 -0.0490098 -10885 0.045709 703.979
3.24648e-05 12924.5 15.4382 237769 -0.0490081 -11652.6 0.0479042 737.786
3.24648e-05 20483.9 16.4634 253558 -0.049007 -12426.1 0.0500721 771.175
3.24648e-05 32464.8 17.4962 269464 -0.0490064 -13205.5 0.0522152 804.182
3.24648e-05 51453.2 18.5311 285403 -0.049006 -13986.5 0.0543273 836.711
3.24648e-05 81547.9 19.5711 301421 -0.0490057 -14771.3 0.0564147 868.86
5.14532e-05 1.29245 0.844789 8209.29 -0.0774854 -636.101 0.00775326 75.3429
5.14532e-05 2.04839 0.919799 8938.21 -0.0669762 -598.647 0.00608542 59.1355
5.14532e-05 3.24648 1.12915 10972.6 -0.0603453 -662.147 0.00544759 52.9373
5.14532e-05 5.14532 1.42274 13825.6 -0.0561615 -776.465 0.00621553 60.3998
5.14532e-05 8.15479 1.78266 17323.1 -0.0535217 -927.162 0.0077862 75.6629
5.14532e-05 12.9245 2.20036 21382.1 -0.051856 -1108.79 0.00966325 93.9033
5.14532e-05 20.4839 2.6705 25950.8 -0.0508051 -1318.43 0.0116376 113.089
5.14532e-05 32.4648 3.23395 31426.1 -0.050142 -1575.77 0.0136248 132.4
5.14532e-05 51.4532 3.83938 37309.5 -0.0497236 -1855.16 0.0156085 151.676
5.14532e-05 81.5479 4.48022 43536.8 -0.0494597 -2153.32 0.0175717 170.754
5.14532e-05 129.245 5.15162 50061.2 -0.0492931 -2467.67 0.0195095 189.585
5.14532e-05 204.839 5.8493 56840.9 -0.049188 -2795.89 0.0214209 208.159
5.14532e-05 324.648 6.56949 63839.4 -0.0491217 -3135.9 0.0233058 226.475
5.14532e-05 514.532 7.30885 71024.3 -0.0490799 -3485.86 0.0251651 244.544
5.14532e-05 815.479 8.06444 78366.7 -0.0490535 -3844.16 0.0269985 262.36
5.14532e-05 1292.45 8.83366 85841.7 -0.0490368 -4209.4 0.0288071 279.935
5.14532e-05 2048.39 9.61423 93426.9 -0.0490263 -4580.38 0.0305906 297.267
5.14532e-05 3246.48 10.4041 101103 -0.0490197 -4956.02 0.0323499 314.362
5.14532e-05 5145.32 11.2016 108852 -0.0490155 -5335.43 0.0340841 331.215
5.14532e-05 8154.79 12.005 116659 -0.0490128 -5717.8 0.0357935 347.825
5.14532e-05 12924.5 12.813 124511 -0.0490112 -6102.43 0.0374781 364.196
5.14532e-05 20483.9 13.6243 132395 -0.0490101 -6488.71 0.0391379 380.325
5.14532e-05 32464.8 14.439 140312 -0.0490095 -6876.61 0.040775 396.233
5.14532e-05 51453.2 15.2529 148221 -0.049009 -7264.17 0.0423835 411.864
5.14532e-05 81547.9 16.0683 156145 -0.0490088 -7652.46 0.0439692 427.274
8.15479e-05 1.29245 0.771697 4731.55 -0.0774931 -366.663 0.00642993 39.4243
8.15479e-05 2.04839 0.841376 5158.78 -0.0669829 -345.55 0.00512549 31.4262
8.15479e-05 3.24648 1.03029 6317.09 -0.0603513 -381.245 0.00465341 28.5317
8.15479e-05 5.14532 1.29045 7912.25 -0.0561671 -444.408 0.00523224 32.0808
8.15479e-05 8.15479 1.60479 9839.53 -0.053527 -526.68 0.00641464 39.3305
8.15479e-05 12.9245 1.96519 12049.3 -0.0518612 -624.89 0.00784124 48.0775
8.15479e-05 20.4839 2.36661 14510.6 -0.0508102 -737.284 0.00935381 57.3516
8.15479e-05 32.4648 2.84349 17434.5 -0.050147 -874.286 0.0108847 66.7379
8.15479e-05 51.4532 3.35168 20550.4 -0.0497286 -1021.94 0.0124194 76.1479
8.15479e-05 81.5479 3.88556 23823.8 -0.0494646 -1178.43 0.0139425 85.4863
8.15479e-05 129.245 4.44108 27229.9 -0.049298 -1342.38 0.0154487 94.7219
8.15479e-05 204.839 5.01468 30746.8 -0.0491929 -1512.53 0.0169358 103.84
8.15479e-05 324.648 5.60332 34356 -0.0491266 -1687.79 0.0184023 112.832
8.15479e-05 514.532 6.20432 38040.9 -0.0490847 -1867.23 0.0198479 121.694
8.15479e-05 815.479 6.81536 41787.4 -0.0490583 -2050.02 0.0212722 130.428
8.15479e-05 1292.45 7.43442 45583.1 -0.0490417 -2235.47 0.0226747 139.027
8.15479e-05 2048.39 8.05975 49417.3 -0.0490312 -2422.99 0.0240551 147.49
8.15479e-05 3246.48 8.68983 53280.5 -0.0490245 -2612.05 0.025413 155.816
8.15479e-05 5145.32 9.32333 57164.8 -0.0490203 -2802.24 0.0267478 164.001
8.15479e-05 8154.79 9.9591 61062.9 -0.0490177 -2993.16 0.0280601 172.047
8.15479e-05 12924.5 10.5961 64968.7 -0.049016 -3184.51 0.0293496 179.953
8.15479e-05 20483.9 11.2335 68876.9 -0.049015 -3376 0.0306152 187.713
8.15479e-05 32464.8 11.8713 72787.4 -0.0490143 -3567.63 0.0318599 195.345
8.15479e-05 51453.2 12.5065 76682 -0.0490139 -3758.48 0.033079 202.82
8.15479e-05 81547.9 13.1408 80571.3 -0.0490136 -3949.09 0.0342763 210.161
0.000129245 1.29245 0.705077 2727.67 -0.0775053 -211.409 0.00537009 20.7749
0.000129245 2.04839 0.769869 2978.33 -0.0669934 -199.529 0.00439267 16.9936
0.000129245 3.24648 0.940093 3636.86 -0.0603608 -219.524 0.00406455 15.7242
0.000129245 5.14532 1.17003 4526.39 -0.0561759 -254.274 0.00449134 17.3753
0.000129245 8.15479 1.44359 5584.71 -0.0535354 -298.98 0.00536245 20.7453
0.000129245 12.9245 1.75328 6782.77 -0.0518693 -351.818 0.00643155 24.8812
0.000129245 20.4839 2.09446 8102.66 -0.0508182 -411.762 0.00758121 29.3289
0.000129245 32.4648 2.49606 9656.3 -0.0501549 -484.311 0.00875684 33.8769
0.000129245 51.4532 2.92034 11297.7 -0.0497364 -561.907 0.00994296 38.4655
0.000129245 81.5479 3.36261 13008.6 -0.0494723 -643.568 0.0111259 43.042
0.000129245 129.245 3.8195 14776.2 -0.0493057 -728.551 0.0122984 47.5779
0.000129245 204.839 4.28815 16589.2 -0.0492006 -816.201 0.0134571 52.0604
0.000129245 324.648 4.76615 18438.4 -0.0491343 -905.96 0.0145997 56.4807
0.000129245 514.532 5.2514 20315.7 -0.0490925 -997.347 0.0157247 60.8328
0.000129245 815.479 5.74212 22214.1 -0.049066 -1089.96 0.0168303 65.11
0.000129245 1292.45 6.23678 24127.8 -0.0490494 -1183.45 0.0179168 69.3135
0.000129245 2048.39 6.73408 26051.6 -0.0490389 -1277.54 0.018982 73.4343
0.000129245 3246.48 7.23291 27981.4 -0.0490322 -1371.99 0.0200266 77.4754
0.000129245 5145.32 7.73231 29913.4 -0.0490281 -1466.59 0.0210502 81.4354
0.000129245 8154.79 8.23146 31844.4 -0.0490254 -1561.18 0.0220521 85.3113
0.000129245 12924.5 8.72966 33771.8 -0.0490237 -1655.62 0.0230327 89.1047
0.000129245 20483.9 9.22631 35693.1 -0.0490227 -1749.77 0.0239918 92.8151
0.000129245 32464.8 9.72149 37608.8 -0.049022 -1843.66 0.0249301 96.4449
0.000129245 51453.2 10.213 39510.3 -0.0490216 -1936.86 0.0258458 99.9876
0.000129245 81547.9 10.7022 41403 -0.0490214 -2029.63 0.0267414 103.453
0.000204839 1.29245 0.644439 1573.04 -0.0775246 -121.949 0.00455855 11.1271
0.000204839 2.04839 0.704747 1720.25 -0.0670101 -115.274 0.00386676 9.43853
0.000204839 3.24648 0.857875 2094.02 -0.0603758 -126.428 0.00365814 8.92931
0.000204839 5.14532 1.06049 2588.59 -0.0561899 -145.453 0.00396674 9.68259
0.000204839 8.15479 1.29765 3167.49 -0.0535487 -169.615 0.00459416 11.2141
0.000204839 12.9245 1.56254 3814.08 -0.0518823 -197.883 0.00538401 13.1421
0.000204839 20.4839 1.85103 4518.26 -0.0508308 -229.667 0.00625048 15.2571
0.000204839 32.4648 2.18736 5339.21 -0.0501674 -267.854 0.00714903 17.4504
0.000204839 51.4532 2.53948 6198.73 -0.0497488 -308.379 0.0080646 19.6852
0.000204839 81.5479 2.90353 7087.35 -0.0494847 -350.715 0.00898212 21.9248
0.000204839 129.245 3.27681 7998.51 -0.049318 -394.471 0.00989454 24.152
0.000204839 204.839 3.65706 8926.67 -0.0492129 -439.307 0.010796 26.3524
0.000204839 324.648 4.04241 9867.28 -0.0491465 -484.943 0.0116842 28.5205
0.000204839 514.532 4.43127 10816.5 -0.0491047 -531.139 0.0125567 30.6501
0.000204839 815.479 4.82231 11771 -0.0490783 -577.699 0.0134114 32.7364
0.000204839 1292.45 5.21442 12728.1 -0.0490616 -624.461 0.0142473 34.7769
0.000204839 2048.39 5.60667 13685.5 -0.0490511 -671.291 0.0150645 36.7716
0.000204839 3246.48 5.99827 14641.4 -0.0490445 -718.08 0.0158617 38.7176
0.000204839 5145.32 6.38856 15594.1 -0.0490403 -764.739 0.0166393 40.6156
0.000204839 8154.79 6.77701 16542.3 -0.0490376 -811.195 0.0173959 42.4624
0.000204839 12924.5 7.16315 17484.8 -0.049036 -857.385 0.0181334 44.2625
0.000204839 20483.9 7.54659 18420.8 -0.0490349 -903.262 0.0188507 46.0135
0.000204839 32464.8 7.92746 19350.5 -0.0490342 -948.835 0.0195489 47.7177
0.000204839 51453.2 8.30421 20270.1 -0.0490338 -993.92 0.0202269 49.3726
0.000204839 81547.9 8.6779 21182.2 -0.0490336 -1038.64 0.0208863 50.9823
0.000324648 1.29245 0.589359 907.689 -0.0775552 -70.396 0.00398125 6.13164
0.000324648 2.04839 0.645542 994.218 -0.0670365 -66.6489 0.00352874 5.43472
0.000324648 3.24648 0.783024 1205.96 -0.0603996 -72.8395 0.00341083 5.25313
0.000324648 5.14532 0.960965 1480.01 -0.056212 -83.1944 0.00363277 5.59494
0.000324648 8.15479 1.16566 1795.27 -0.0535698 -96.1725 0.00407679 6.27879
0.000324648 12.9245 1.39107 2142.43 -0.0519027 -111.198 0.00465041 7.16224
0.000324648 20.4839 1.6336 2515.95 -0.0508509 -127.938 0.00529619 8.15682
0.000324648 32.4648 1.9135 2947.04 -0.0501872 -147.903 0.00597896 9.20837
0.000324648 51.4532 2.20378 3394.1 -0.0497684 -168.919 0.00668133 10.2901
0.000324648 81.5479 2.50131 3852.34 -0.0495042 -190.707 0.0073893 11.3805
0.000324648 129.245 2.80399 4318.51 -0.0493375 -213.064 0.00809405 12.4659
0.000324648 204.839 3.11009 4789.95 -0.0492323 -235.82 0.00879052 13.5385
0.000324648 324.648 3.41822 5264.5 -0.0491659 -258.834 0.00947459 14.5921
0.000324648 514.532 3.7272 5740.37 -0.0491241 -281.99 0.0101439 15.623
0.000324648 815.479 4.03609 6216.1 -0.0490976 -305.196 0.010797 16.6287
0.000324648 1292.45 4.34411 6690.5 -0.049081 -328.376 0.0114323 17.6073
0.000324648 2048.39 4.65064 7162.58 -0.0490704 -351.471 0.0120498 18.5583
0.000324648 3246.48 4.95514 7631.56 -0.0490638 -374.433 0.0126486 19.4804
0.000324648 5145.32 5.25721 8096.79 -0.0490596 -397.225 0.0132291 20.3745
0.000324648 8154.79 5.5565 8557.74 -0.049057 -419.817 0.013791 21.2399
0.000324648 12924.5 5.85275 9013.99 -0.0490553 -442.184 0.0143342 22.0766
0.000324648 20483.9 6.14573 9465.22 -0.0490543 -464.309 0.0148602 22.8866
0.000324648 32464.8 6.43558 9911.62 -0.0490536 -486.201 0.0153687 23.6698
0.000324648 51453.2 6.72125 10351.6 -0.0490532 -507.779 0.0158594 24.4255
0.000324648 81547.9 7.00357 10786.4 -0.0490529 -529.105 0.0163338 25.1562
0.000514532 1.29245 0.539479 524.242 -0.0776036 -40.6831 0.00362559 3.52319
0.000514532 2.04839 0.591853 575.137 -0.0670784 -38.5793 0.00335709 3.26228
0.000514532 3.24648 0.715003 694.809 -0.0604373 -41.9924 0.00330342 3.21012
0.000514532 5.14532 0.870667 846.077 -0.0562471 -47.5894 0.00346428 3.36644
0.000514532 8.15479 1.04646 1016.91 -0.0536033 -54.5095 0.00377791 3.67121
0.000514532 12.9245 1.23715 1202.21 -0.0519351 -62.4367 0.0041899 4.07156
0.000514532 20.4839 1.43968 1399.02 -0.0508826 -71.1859 0.00466589 4.53411
0.000514532 32.4648 1.67097 1623.78 -0.0502185 -81.5438 0.0051753 5.02913
0.000514532 51.4532 1.90844 1854.54 -0.0497995 -92.355 0.00570381 5.54272
0.000514532 81.5479 2.14964 2088.92 -0.0495351 -103.475 0.0062398 6.06357
0.000514532 129.245 2.39298 2325.39 -0.0493683 -114.801 0.00677573 6.58436
0.000514532 204.839 2.63719 2562.71 -0.049263 -126.247 0.00730366 7.09738
0.000514532 324.648 2.88128 2799.9 -0.0491966 -137.746 0.00782027 7.5994
0.000514532 514.532 3.12442 3036.18 -0.0491547 -149.242 0.00832315 8.08808
0.000514532 815.479 3.36599 3270.92 -0.0491283 -160.695 0.00881083 8.56198
0.000514532 1292.45 3.60548 3503.65 -0.0491116 -172.07 0.00928215 9.01999
0.000514532 2048.39 3.84248 3733.96 -0.0491011 -183.341 0.00973668 9.46168
0.000514532 3246.48 4.0767 3961.56 -0.0490944 -194.491 0.0101748 9.88746
0.000514532 5145.32 4.30789 4186.22 -0.0490902 -205.503 0.0105961 10.2968
0.000514532 8154.79 4.53587 4407.76 -0.0490876 -216.367 0.011001 10.6903
0.000514532 12924.5 4.76051 4626.06 -0.0490859 -227.074 0.0113896 11.068
0.000514532 20483.9 4.98171 4841.01 -0.0490849 -237.621 0.011763 11.4308
0.000514532 32464.8 5.19963 5052.78 -0.0490842 -248.012 0.0121212 11.7789
0.000514532 51453.2 5.41358 5260.69 -0.0490838 -258.214 0.0124647 12.1127
0.000514532 81547.9 5.6242 5465.36 -0.0490835 -268.259 0.0127942 12.4329
0.000815479 1.29245 0.494515 303.205 -0.0776802 -23.553 0.00347812 2.13256
0.000815479 2.04839 0.543348 333.146 -0.0671445 -22.369 0.00333751 2.04635
0.000815479 3.24648 0.653344 400.589 -0.0604969 -24.2344 0.00332439 2.03831
0.000815479 5.14532 0.788898 483.702 -0.0563026 -27.2337 0.00344438 2.11188
0.000815479 8.15479 0.938989 575.729 -0.0536562 -30.8914 0.00366709 2.24843
0.000815479 12.9245 1.0992 673.96 -0.0519863 -35.0367 0.00396273 2.42969
0.000815479 20.4839 1.26706 776.88 -0.0509328 -39.5687 0.00430656 2.64051
0.000815479 32.4648 1.45661 893.1 -0.050268 -44.8944 0.00467764 2.86803
0.000815479 51.4532 1.64916 1011.16 -0.0498486 -50.4048 0.00506742 3.10702
0.000815479 81.5479 1.84286 1129.92 -0.0495839 -56.0261 0.00546247 3.34924
0.000815479 129.245 2.03657 1248.69 -0.049417 -61.7067 0.0058552 3.59004
0.000815479 204.839 2.2294 1366.93 -0.0493116 -67.4053 0.00624066 3.82638
0.000815479 324.648 2.42068 1484.21 -0.0492451 -73.0899 0.00661567 4.05631
0.000815479 514.532 2.60988 1600.21 -0.0492032 -78.7357 0.00697729 4.27803
0.000815479 815.479 2.79663 1714.71 -0.0491767 -84.324 0.00732673 4.49229
0.000815479 1292.45 2.98061 1827.52 -0.04916 -89.8411 0.00766207 4.6979
0.000815479 2048.39 3.16163 1938.51 -0.0491495 -95.2767 0.00798255 4.8944
0.000815479 3246.48 3.33952 2047.58 -0.0491428 -100.624 0.0082888 5.08216
0.000815479 5145.32 3.51418 2154.67 -0.0491387 -105.878 0.00858075 5.26117
0.000815479 8154.79 3.68555 2259.75 -0.049136 -111.035 0.00885891 5.43172
0.000815479 12924.5 3.8536 2362.78 -0.0491343 -116.094 0.00912375 5.59411
0.000815479 20483.9 4.01831 2463.77 -0.0491333 -121.053 0.00937595 5.74874
0.000815479 32464.8 4.17985 2562.82 -0.0491326 -125.918 0.00961574 5.89576
0.000815479 51453.2 4.33779 2659.66 -0.0491322 -130.675 0.00984369 6.03553
0.000815479 81547.9 4.49262 2754.59 -0.0491319 -135.338 0.0100604 6.16839
0.00129245 1.29245 0.454262 175.737 -0.0778011 -13.6725 0.00352542 1.36385
0.00129245 2.04839 0.499765 193.34 -0.067249 -13.0019 0.00346363 1.33995
0.00129245 3.24648 0.59765 231.208 -0.0605911 -14.0092 0.00347319 1.34365
0.00129245 5.14532 0.715042 276.623 -0.0563902 -15.5988 0.0035655 1.37936
0.00129245 8.15479 0.842303 325.855 -0.0537397 -17.5113 0.00372484 1.441
0.00129245 12.9245 0.97583 377.512 -0.0520673 -19.656 0.00393388 1.52187
0.00129245 20.4839 1.1137 430.85 -0.0510121 -21.9785 0.00417673 1.61582
0.00129245 32.4648 1.26755 490.367 -0.0503463 -24.6882 0.00443891 1.71725
0.00129245 51.4532 1.42206 550.143 -0.0499262 -27.4665 0.00471166 1.82276
0.00129245 81.5479 1.57592 609.663 -0.0496611 -30.2765 0.00498675 1.92919
0.00129245 129.245 1.72833 668.627 -0.0494939 -33.0929 0.00525884 2.03445
0.00129245 204.839 1.87875 726.817 -0.0493884 -35.8963 0.00552434 2.13716
0.00129245 324.648 2.02676 784.075 -0.0493218 -38.672 0.00578076 2.23636
0.00129245 514.532 2.17206 840.289 -0.0492798 -41.4092 0.00602716 2.33168
0.00129245 815.479 2.31447 895.38 -0.0492533 -44.1004 0.00626229 2.42264
0.00129245 1292.45 2.45384 949.298 -0.0492365 -46.7402 0.0064854 2.50895
0.00129245 2048.39 2.5901 1002.01 -0.049226 -49.325 0.00669675 2.59072
0.00129245 3246.48 2.72321 1053.51 -0.0492193 -51.8529 0.00689641 2.66796
0.00129245 5145.32 2.85316 1103.78 -0.0492151 -54.3227 0.00708494 2.7409
0.00129245 8154.79 2.97998 1152.84 -0.0492125 -56.7341 0.00726236 2.80953
0.00129245 12924.5 3.10368 1200.7 -0.0492108 -59.0873 0.00742926 2.8741
0.00129245 20483.9 3.22433 1247.37 -0.0492098 -61.3829 0.00758654 2.93495
0.00129245 32464.8 3.34208 1292.93 -0.0492091 -63.6237 0.00773377 2.9919
0.00129245 51453.2 3.4567 1337.27 -0.0492087 -65.8051 0.00787186 3.04533
0.00129245 81547.9 3.56855 1380.54 -0.0492084 -67.934 0.00800155 3.0955
0.00204839 1.29245 0.4186 102.178 -0.0779917 -7.96903 0.00375521 0.916626
0.00204839 2.04839 0.460919 112.508 -0.0674138 -7.58456 0.00373527 0.911758
0.00204839 3.24648 0.5476 133.666 -0.0607395 -8.1188 0.00375441 0.91643
0.00204839 5.14532 0.648565 158.311 -0.0565284 -8.94906 0.00382518 0.933703
0.00204839 8.15479 0.75556 184.428 -0.0538713 -9.93537 0.00393765 0.961158
0.00204839 12.9245 0.86577 211.329 -0.0521948 -11.0303 0.00408024 0.995964
0.00204839 20.4839 0.977797 238.675 -0.051137 -12.2051 0.00424255 1.03558
0.00204839 32.4648 1.10122 268.803 -0.0504696 -13.5664 0.00441565 1.07784
0.00204839 51.4532 1.22369 298.695 -0.0500485 -14.9492 0.0045935 1.12125
0.00204839 81.5479 1.34428 328.131 -0.0497828 -16.3353 0.00477092 1.16455
0.00204839 129.245 1.46255 357 -0.0496151 -17.7126 0.00494397 1.20679
0.00204839 204.839 1.57818 385.224 -0.0495094 -19.0722 0.00511045 1.24743
0.00204839 324.648 1.69097 412.757 -0.0494426 -20.4078 0.00526906 1.28615
0.00204839 514.532 1.80081 439.568 -0.0494005 -21.7149 0.00541895 1.32274
0.00204839 815.479 1.90764 465.644 -0.0493739 -22.9907 0.0055598 1.35711
0.00204839 1292.45 2.01145 490.982 -0.0493572 -24.2335 0.00569156 1.38928
0.00204839 2048.39 2.11224 515.585 -0.0493466 -25.4424 0.00581441 1.41926
0.00204839 3246.48 2.21006 539.464 -0.0493399 -26.6171 0.00592845 1.4471
0.00204839 5145.32 2.30498 562.633 -0.0493357 -27.7579 0.00603414 1.4729
0.00204839 8154.79 2.39706 585.108 -0.049333 -28.8652 0.00613228 1.49685
0.00204839 12924.5 2.48637 606.909 -0.0493314 -29.9397 0.00622301 1.519
0.00204839 20483.9 2.57301 628.056 -0.0493303 -30.9822 0.0063065 1.53938
0.00204839 32464.8 2.65711 648.584 -0.0493296 -31.9944 0.0063833 1.55813
0.00204839 51453.2 2.73857 668.469 -0.0493292 -32.9751 0.00645413 1.57542
0.00204839 81547.9 2.81767 687.778 -0.049329 -33.9273 0.00651876 1.59119
0.00324648 1.29245 0.387505 59.6807 -0.0782912 -4.67247 0.00415335 0.63967
0.00324648 2.04839 0.4267 65.7174 -0.0676727 -4.44727 0.0041492 0.639031
0.00324648 3.24648 0.502937 77.4588 -0.0609728 -4.72288 0.0041665 0.641695
0.00324648 5.14532 0.589005 90.7143 -0.0567455 -5.14763 0.00421553 0.649246
0.00324648 8.15479 0.678009 104.422 -0.0540782 -5.64696 0.00428829 0.660452
0.00324648 12.9245 0.767879 118.263 -0.0523952 -6.19643 0.00437664 0.674059
0.00324648 20.4839 0.857694 132.096 -0.0513334 -6.78093 0.00447374 0.689014
0.00324648 32.4648 0.955312 147.13 -0.0506634 -7.45413 0.00457421 0.704487
0.00324648 51.4532 1.05089 161.851 -0.0502407 -8.1315 0.00467484 0.719986
0.00324648 81.5479 1.14389 176.175 -0.049974 -8.80414 0.00477262 0.735045
0.00324648 129.245 1.2341 190.068 -0.0498057 -9.46647 0.00486568 0.749378
0.00324648 204.839 1.32141 203.514 -0.0496995 -10.1146 0.0049527 0.762781
0.00324648 324.648 1.40577 216.507 -0.0496325 -10.7458 0.00503329 0.775192
0.00324648 514.532 1.4872 229.047 -0.0495902 -11.3585 0.00510735 0.786598
0.00324648 815.479 1.56573 241.142 -0.0495635 -11.9519 0.00517463 0.796961
0.00324648 1292.45 1.64143 252.802 -0.0495467 -12.5255 0.00523541 0.806321
0.00324648 2048.39 1.71439 264.039 -0.0495361 -13.0795 0.00529007 0.81474
0.00324648 3246.48 1.7847 274.867 -0.0495294 -13.614 0.00533893 0.822265
0.00324648 5145.32 1.85246 285.302 -0.0495252 -14.1296 0.00538225 0.828937
0.00324648 8154.79 1.91775 295.359 -0.0495225 -14.6269 0.00542042 0.834814
0.00324648 12924.5 1.98069 305.052 -0.0495208 -15.1064 0.00545369 0.839939
0.00324648 20483.9 2.04137 314.397 -0.0495197 -15.5689 0.00548265 0.844399
0.00324648 32464.8 2.09993 323.416 -0.0495191 -16.0152 0.00550772 0.84826
0.00324648 51453.2 2.15634 332.104 -0.0495186 -16.4453 0.0055289 0.851522
0.00324648 81547.9 2.21081 340.493 -0.0495184 -16.8607 0.00554685 0.854286
0.00514532 1.29245 0.361043 35.0846 -0.0787593 -2.76324 0.00469489 0.45623
0.00514532 2.04839 0.397075 38.586 -0.0680773 -2.62684 0.00468618 0.455383
0.00514532 3.24648 0.46347 45.038 -0.0613374 -2.76251 0.00468926 0.455682
0.00514532 5.14532 0.535964 52.0827 -0.0570848 -2.97313 0.00471094 0.457789
0.00514532 8.15479 0.608978 59.1778 -0.0544016 -3.21937 0.00474453 0.461053
0.00514532 12.9245 0.681124 66.1887 -0.0527086 -3.48871 0.00478437 0.464925
0.00514532 20.4839 0.751906 73.067 -0.0516404 -3.7732 0.00482622 0.468991
0.00514532 32.4648 0.827716 80.4339 -0.0509664 -4.09942 0.00486732 0.472985
0.00514532 51.4532 0.900875 87.5432 -0.0505411 -4.42453 0.00490599 0.476743
0.00514532 81.5479 0.97113 94.3702 -0.0502728 -4.74425 0.00494119 0.480164
0.00514532 129.245 1.03845 100.912 -0.0501035 -5.05606 0.00497221 0.483178
0.00514532 204.839 1.10288 107.173 -0.0499967 -5.3583 0.0049987 0.485752
0.00514532 324.648 1.16448 113.159 -0.0499293 -5.64996 0.00502066 0.487886
0.00514532 514.532 1.22336 118.88 -0.0498867 -5.93055 0.00503828 0.489599
0.00514532 815.479 1.27961 124.347 -0.0498599 -6.19993 0.00505179 0.490911
0.00514532 1292.45 1.33336 129.57 -0.049843 -6.45817 0.00506143 0.491847
0.00514532 2048.39 1.38473 134.562 -0.0498323 -6.70552 0.00506747 0.492435
0.00514532 3246.48 1.43383 139.333 -0.0498256 -6.94235 0.0050703 0.49271
0.00514532 5145.32 1.48078 143.896 -0.0498213 -7.16906 0.00507022 0.492702
0.00514532 8154.79 1.52569 148.26 -0.0498186 -7.3861 0.00506751 0.492439
0.00514532 12924.5 1.56867 152.436 -0.0498169 -7.59392 0.00506247 0.491949
0.00514532 20483.9 1.60982 156.435 -0.0498159 -7.79296 0.00505543 0.491265
0.00514532 32464.8 1.64926 160.268 -0.0498152 -7.98378 0.00504658 0.490405
0.00514532 51453.2 1.68701 163.937 -0.0498148 -8.16647 0.00503628 0.489404
0.00514532 81547.9 1.72324 167.457 -0.0498145 -8.34177 0.00502458 0.488267
0.00815479 1.29245 0.339363 20.8076 -0.079485 -1.65389 0.0053334 0.32701
0.00815479 2.04839 0.372061 22.8124 -0.0687046 -1.56732 0.0053007 0.325005
0.00815479 3.24648 0.429045 26.3063 -0.0619026 -1.62843 0.00527522 0.323443
0.00815479 5.14532 0.489086 29.9877 -0.0576108 -1.72761 0.00526068 0.322552
0.00815479 8.15479 0.54785 33.5907 -0.0549028 -1.84422 0.00525175 0.322004
0.00815479 12.9245 0.604557 37.0676 -0.0531942 -1.97178 0.00524476 0.321575
0.00815479 20.4839 0.659071 40.4101 -0.0521162 -2.10602 0.00523743 0.321126
0.00815479 32.4648 0.716537 43.9335 -0.051436 -2.25976 0.00522876 0.320594
0.00815479 51.4532 0.771104 47.2792 -0.0510068 -2.41156 0.00521801 0.319935
0.00815479 81.5479 0.822738 50.4451 -0.050736 -2.55938 0.00520488 0.319131
0.00815479 129.245 0.871549 53.4378 -0.0505652 -2.70209 0.00518944 0.318184
0.00815479 204.839 0.917668 56.2656 -0.0504573 -2.83901 0.00517176 0.3171
0.00815479 324.648 0.961243 58.9373 -0.0503893 -2.96981 0.00515201 0.315888
0.00815479 514.532 1.00242 61.462 -0.0503464 -3.09439 0.00513043 0.314566
0.00815479 815.479 1.04134 63.8486 -0.0503193 -3.21282 0.00510737 0.313152
0.00815479 1292.45 1.07816 66.1058 -0.0503022 -3.32527 0.00508305 0.311661
0.00815479 2048.39 1.113 68.2419 -0.0502915 -3.43198 0.00505773 0.310108
0.00815479 3246.48 1.14599 70.2646 -0.0502847 -3.53323 0.00503168 0.30851
0.00815479 5145.32 1.17724 72.1811 -0.0502804 -3.62929 0.00500507 0.306879
0.00815479 8154.79 1.20688 73.9984 -0.0502777 -3.72047 0.00497807 0.305224
0.00815479 12924.5 1.23501 75.7228 -0.050276 -3.80704 0.00495091 0.303559
0.00815479 20483.9 1.26171 77.3601 -0.0502749 -3.88927 0.00492433 0.301929
0.00815479 32464.8 1.2871 78.9165 -0.0502742 -3.96746 0.00489967 0.300417
0.00815479 51453.2 1.31121 80.3951 -0.0502738 -4.04176 0.00487561 0.298941
0.00815479 81547.9 1.33416 81.8025 -0.0502735 -4.1125 0.00485182 0.297483
0.0129245 1.29245 0.322645 12.4819 -0.0805943 -1.00597 0.00599388 0.231881
0.0129245 2.04839 0.351666 13.6046 -0.0696634 -0.947746 0.00591983 0.229016
0.0129245 3.24648 0.399474 15.4541 -0.0627664 -0.970001 0.00585303 0.226431
0.0129245 5.14532 0.447949 17.3294 -0.0584148 -1.0123 0.00579475 0.224177
0.0129245 8.15479 0.493911 19.1075 -0.055669 -1.0637 0.00574097 0.222096
0.0129245 12.9245 0.537093 20.7781 -0.0539366 -1.1207 0.00568945 0.220103
0.0129245 20.4839 0.577646 22.347 -0.0528435 -1.18089 0.00563896 0.21815
0.0129245 32.4648 0.619638 23.9714 -0.0521538 -1.2502 0.0055894 0.216233
0.0129245 51.4532 0.658759 25.4849 -0.0517186 -1.31804 0.00554024 0.214331
0.0129245 81.5479 0.695131 26.892 -0.051444 -1.38343 0.00549154 0.212447
0.0129245 129.245 0.728951 28.2004 -0.0512708 -1.44586 0.00544337 0.210583
0.0129245 204.839 0.760413 29.4175 -0.0511615 -1.50504 0.00539596 0.208749
0.0129245 324.648 0.7897 30.5505 -0.0510925 -1.5609 0.00534937 0.206947
0.0129245 514.532 0.816985 31.6061 -0.051049 -1.61346 0.00530391 0.205188
0.0129245 815.479 0.842429 32.5904 -0.0510215 -1.66281 0.00525976 0.20348
0.0129245 1292.45 0.866179 33.5092 -0.0510042 -1.70911 0.00521828 0.201875
0.0129245 2048.39 0.888367 34.3675 -0.0509933 -1.75251 0.00517842 0.200334
0.0129245 3246.48 0.909116 35.1703 -0.0509864 -1.79321 0.00513997 0.198846
0.0129245 5145.32 0.92854 35.9217 -0.050982 -1.83136 0.00510302 0.197417
0.0129245 8154.79 0.946738 36.6257 -0.0509793 -1.86715 0.0050675 0.196043
0.0129245 12924.5 0.963805 37.286 -0.0509776 -1.90075 0.00503343 0.194724
0.0129245 20483.9 0.979823 37.9056 -0.0509765 -1.9323 0.00500083 0.193463
0.0129245 32464.8 0.994874 38.4879 -0.0509758 -1.96195 0.00496975 0.192261
0.0129245 51453.2 1.00902 39.035 -0.0509753 -1.98982 0.00494004 0.191111
0.0129245 81547.9 1.02232 39.5499 -0.0509751 -2.01606 0.00491157 0.19001
0.0204839 1.29245 0.310939 7.58984 -0.0822494 -0.62426 0.00658865 0.160825
0.0204839 2.04839 0.335765 8.19582 -0.0710941 -0.582674 0.00646317 0.157762
0.0204839 3.24648 0.374466 9.1405 -0.0640555 -0.585499 0.00634977 0.154994
0.0204839 5.14532 0.412125 10.0597 -0.0596144 -0.599704 0.00624757 0.1525
0.0204839 8.15479 0.446599 10.9012 -0.0568123 -0.619323 0.00615323 0.150197
0.0204839 12.9245 0.478026 11.6683 -0.0550443 -0.642275 0.00606519 0.148048
0.0204839 20.4839 0.506762 12.3698 -0.0539287 -0.667085 0.00598225 0.146023
0.0204839 32.4648 0.535948 13.0822 -0.0532249 -0.696297 0.0059044 0.144123
0.0204839 51.4532 0.56254 13.7313 -0.0527808 -0.724748 0.00583073 0.142325
0.0204839 81.5479 0.586753 14.3223 -0.0525005 -0.751929 0.0057618 0.140642
0.0204839 129.245 0.608826 14.8611 -0.0523237 -0.777587 0.00569735 0.139069
0.0204839 204.839 0.628974 15.3529 -0.0522122 -0.801607 0.00563692 0.137594
0.0204839 324.648 0.647389 15.8024 -0.0521418 -0.823965 0.00558029 0.136212
0.0204839 514.532 0.664245 16.2138 -0.0520974 -0.844698 0.00552727 0.134918
0.0204839 815.479 0.679693 16.5909 -0.0520694 -0.863878 0.00547768 0.133707
0.0204839 1292.45 0.693868 16.9369 -0.0520517 -0.881596 0.00543134 0.132576
0.0204839 2048.39 0.706892 17.2548 -0.0520405 -0.89795 0.00538805 0.131519
0.0204839 3246.48 0.718872 17.5472 -0.0520335 -0.913044 0.00534768 0.130534
0.0204839 5145.32 0.729902 17.8165 -0.0520291 -0.926974 0.00531008 0.129616
0.0204839 8154.79 0.740067 18.0646 -0.0520263 -0.939834 0.00527505 0.128761
0.0204839 12924.5 0.749445 18.2935 -0.0520245 -0.95171 0.00524241 0.127964
0.0204839 20483.9 0.758101 18.5048 -0.0520234 -0.962682 0.00521202 0.127222
0.0204839 32464.8 0.766098 18.7 -0.0520227 -0.972824 0.00518366 0.12653
0.0204839 51453.2 0.77349 18.8804 -0.0520222 -0.982203 0.00515725 0.125886
0.0204839 81547.9 0.780327 19.0473 -0.0520219 -0.990879 0.00513263 0.125285
0.0324648 1.29245 0.30393 4.68092 -0.0846143 -0.396073 0.00708067 0.109051
0.0324648 2.04839 0.323812 4.98712 -0.0731382 -0.364749 0.00691637 0.106521
0.0324648 3.24648 0.353287 5.44107 -0.0658973 -0.358552 0.00677144 0.104289
0.0324648 5.14532 0.380681 5.86298 -0.0613285 -0.359568 0.00664313 0.102313
0.0324648 8.15479 0.404742 6.23355 -0.0584458 -0.364325 0.00652816 0.100542
0.0324648 12.9245 0.425883 6.55915 -0.056627 -0.371425 0.00642476 0.0989497
0.0324648 20.4839 0.444576 6.84705 -0.0554793 -0.37987 0.00633126 0.0975096
0.0324648 32.4648 0.463154 7.13318 -0.0547552 -0.390579 0.00624692 0.0962107
0.0324648 51.4532 0.479589 7.3863 -0.0542984 -0.401064 0.00617026 0.09503
0.0324648 81.5479 0.494133 7.6103 -0.0540101 -0.411033 0.00610075 0.0939595
0.0324648 129.245 0.507028 7.80889 -0.0538282 -0.420339 0.00603765 0.0929877
0.0324648 204.839 0.51848 7.98526 -0.0537135 -0.428916 0.00598046 0.0921068
0.0324648 324.648 0.528664 8.14211 -0.053641 -0.436751 0.00592844 0.0913056
0.0324648 514.532 0.537732 8.28177 -0.0535954 -0.443865 0.00588113 0.090577
0.0324648 815.479 0.545816 8.40627 -0.0535665 -0.450295 0.00583804 0.0899134
0.0324648 1292.45 0.553027 8.51733 -0.0535483 -0.456089 0.00579872 0.0893078
0.0324648 2048.39 0.559463 8.61646 -0.0535369 -0.461298 0.00576278 0.0887542
0.0324648 3246.48 0.565209 8.70495 -0.0535296 -0.465973 0.00572986 0.0882473
0.0324648 5145.32 0.570338 8.78395 -0.0535251 -0.470161 0.00569964 0.0877818
0.0324648 8154.79 0.574916 8.85445 -0.0535222 -0.473909 0.00567181 0.0873533
0.0324648 12924.5 0.578998 8.91732 -0.0535204 -0.477258 0.00564617 0.0869583
0.0324648 20483.9 0.582634 8.97332 -0.0535192 -0.480245 0.00562245 0.086593
0.0324648 32464.8 0.585867 9.02311 -0.0535185 -0.482903 0.00560041 0.0862536
0.0324648 51453.2 0.588741 9.06738 -0.053518 -0.485268 0.00557999 0.0859391
0.0324648 81547.9 0.591285 9.10656 -0.0535177 -0.487362 0.00556091 0.0856452
0.0514532 1.29245 0.300404 2.91919 -0.0877136 -0.256053 0.00762974 0.0741425
0.0514532 2.04839 0.314385 3.05506 -0.0758172 -0.231626 0.0074632 0.0725241
0.0514532 3.24648 0.334401 3.24957 -0.068311 -0.221981 0.007319 0.0711229
0.0514532 5.14532 0.35199 3.42049 -0.0635749 -0.217457 0.00719381 0.0699063
0.0514532 8.15479 0.366597 3.56243 -0.0605866 -0.215836 0.00708428 0.068842
0.0514532 12.9245 0.378769 3.68071 -0.0587011 -0.216062 0.00698786 0.067905
0.0514532 20.4839 0.388992 3.78006 -0.0575115 -0.217397 0.00690242 0.0670747
0.0514532 32.4648 0.398892 3.87626 -0.0567608 -0.22002 0.00682669 0.0663388
0.0514532 51.4532 0.407225 3.95723 -0.0562872 -0.222742 0.00675869 0.065678
0.0514532 81.5479 0.414229 4.0253 -0.0559884 -0.22537 0.00669755 0.0650839
0.0514532 129.245 0.420114 4.08249 -0.0557998 -0.227802 0.00664221 0.0645461
0.0514532 204.839 0.425049 4.13044 -0.0556809 -0.229987 0.0065918 0.0640563
0.0514532 324.648 0.429174 4.17052 -0.0556058 -0.231905 0.00654564 0.0636077
0.0514532 514.532 0.432606 4.20387 -0.0555585 -0.233561 0.00650311 0.0631945
0.0514532 815.479 0.435442 4.23144 -0.0555286 -0.234966 0.00646371 0.0628115
0.0514532 1292.45 0.437765 4.25402 -0.0555097 -0.236139 0.00642698 0.0624546
0.0514532 2048.39 0.439644 4.27227 -0.0554978 -0.237102 0.00639256 0.0621201
0.0514532 3246.48 0.441136 4.28677 -0.0554903 -0.237874 0.00636015 0.0618052
0.0514532 5145.32 0.442293 4.29801 -0.0554856 -0.238478 0.00632944 0.0615068
0.0514532 8154.79 0.443156 4.30639 -0.0554826 -0.23893 0.00630001 0.0612208
0.0514532 12924.5 0.443762 4.31228 -0.0554807 -0.239249 0.00627244 0.0609529
0.0514532 20483.9 0.444143 4.31599 -0.0554795 -0.239449 0.00624577 0.0606937
0.0514532 32464.8 0.444323 4.31774 -0.0554788 -0.239543 0.0062201 0.0604443
0.0514532 51453.2 0.444334 4.31785 -0.0554783 -0.239547 0.00619539 0.0602042
0.0514532 81547.9 0.44419 4.31644 -0.055478 -0.239468 0.00617148 0.0599717
0.0815479 1.29245 0.297447 1.82376 -0.0909957 -0.165954 0.00863191 0.0529254
0.0815479 2.04839 0.304474 1.86684 -0.0786541 -0.146835 0.00845664 0.0518507
0.0815479 3.24648 0.314868 1.93057 -0.070867 -0.136814 0.00830012 0.0508911
0.0815479 5.14532 0.323186 1.98157 -0.0659537 -0.130692 0.00816048 0.0500349
0.0815479 8.15479 0.329328 2.01923 -0.0628536 -0.126916 0.00803489 0.0492649
0.0815479 12.9245 0.333818 2.04676 -0.0608976 -0.124643 0.00792099 0.0485665
0.0815479 20.4839 0.337058 2.06663 -0.0596634 -0.123302 0.00781661 0.0479265
0.0815479 32.4648 0.340057 2.08502 -0.0588847 -0.122776 0.00772062 0.047338
0.0815479 51.4532 0.342132 2.09774 -0.0583934 -0.122494 0.00763099 0.0467884
0.0815479 81.5479 0.343466 2.10591 -0.0580834 -0.122319 0.0075469 0.0462728
0.0815479 129.245 0.344204 2.11044 -0.0578878 -0.122169 0.00746759 0.0457865
0.0815479 204.839 0.344462 2.11202 -0.0577644 -0.122 0.00739235 0.0453252
0.0815479 324.648 0.34433 2.11121 -0.0576865 -0.121789 0.0073207 0.0448859
0.0815479 514.532 0.343881 2.10846 -0.0576374 -0.121526 0.00725215 0.0444656
0.0815479 815.479 0.343173 2.10412 -0.0576064 -0.121211 0.00718639 0.0440624
0.0815479 1292.45 0.342255 2.09849 -0.0575868 -0.120845 0.00712309 0.0436743
0.0815479 2048.39 0.341164 2.0918 -0.0575745 -0.120434 0.00706204 0.0433
0.0815479 3246.48 0.339933 2.08425 -0.0575667 -0.119983 0.00700301 0.042938
0.0815479 5145.32 0.338587 2.076 -0.0575618 -0.119498 0.00694582 0.0425874
0.0815479 8154.79 0.337149 2.06718 -0.0575587 -0.118984 0.00689035 0.0422473
0.0815479 12924.5 0.335636 2.05791 -0.0575567 -0.118446 0.00683647 0.0419169
0.0815479 20483.9 0.334063 2.04826 -0.0575555 -0.117889 0.00678408 0.0415956
0.0815479 32464.8 0.332441 2.03832 -0.0575547 -0.117315 0.00673297 0.0412823
0.0815479 51453.2 0.330787 2.02818 -0.0575542 -0.11673 0.00668332 0.0409779
0.0815479 81547.9 0.329104 2.01785 -0.0575539 -0.116135 0.00663484 0.0406806
0.129245 1.29245 0.289317 1.11926 -0.0921034 -0.103087 0.0100349 0.0388214
0.129245 2.04839 0.288558 1.11632 -0.0796115 -0.088872 0.00970877 0.0375595
0.129245 3.24648 0.289607 1.12038 -0.0717297 -0.0803646 0.0094175 0.0364327
0.129245 5.14532 0.289554 1.12018 -0.0667566 -0.074779 0.00915558 0.0354195
0.129245 8.15479 0.288473 1.11599 -0.0636187 -0.0709981 0.00891796 0.0345002
0.129245 12.9245 0.286709 1.10917 -0.0616389 -0.0683678 0.0087006 0.0336593
0.129245 20.4839 0.284493 1.10059 -0.0603897 -0.0664646 0.00850008 0.0328836
0.129245 32.4648 0.282325 1.09221 -0.0596015 -0.0650974 0.00831451 0.0321657
0.129245 51.4532 0.279865 1.08269 -0.0591042 -0.0639916 0.00814053 0.0314926
0.129245 81.5479 0.277211 1.07242 -0.0587904 -0.0630482 0.00797708 0.0308603
0.129245 129.245 0.274431 1.06167 -0.0585924 -0.0622058 0.007823 0.0302642
0.129245 204.839 0.271576 1.05062 -0.0584675 -0.0614274 0.00767733 0.0297007
0.129245 324.648 0.268682 1.03943 -0.0583887 -0.0606909 0.00753922 0.0291664
0.129245 514.532 0.265776 1.02819 -0.058339 -0.0599833 0.00740797 0.0286586
0.129245 815.479 0.262878 1.01697 -0.0583076 -0.0592973 0.00728297 0.0281751
0.129245 1292.45 0.260002 1.00585 -0.0582878 -0.0586288 0.00716367 0.0277135
0.129245 2048.39 0.25716 0.994855 -0.0582753 -0.0579754 0.00704957 0.0272721
0.129245 3246.48 0.254359 0.984018 -0.0582674 -0.0573362 0.00694032 0.0268495
0.129245 5145.32 0.251604 0.973361 -0.0582624 -0.0567104 0.00683559 0.0264443
0.129245 8154.79 0.2489 0.962898 -0.0582593 -0.0560978 0.00673503 0.0260553
0.129245 12924.5 0.246248 0.95264 -0.0582573 -0.0554983 0.0066384 0.0256815
0.129245 20483.9 0.243651 0.942593 -0.0582561 -0.0549117 0.00654541 0.0253217
0.129245 32464.8 0.241106 0.93275 -0.0582553 -0.0543376 0.00645579 0.024975
0.129245 51453.2 0.238622 0.923138 -0.0582548 -0.0537772 0.00636952 0.0246413
0.129245 81547.9 0.23619 0.913731 -0.0582545 -0.0532289 0.0062862 0.0243189
0.204839 1.29245 0.265646 0.648426 -0.0835748 -0.0541921 0.0102479 0.0250144
0.204839 2.04839 0.257102 0.627571 -0.0722397 -0.0453355 0.00962512 0.0234943
0.204839 3.24648 0.250085 0.610443 -0.0650877 -0.0397323 0.00909605 0.0222029
0.204839 5.14532 0.243332 0.593958 -0.0605751 -0.0359791 0.008638 0.0210849
0.204839 8.15479 0.236808 0.578034 -0.0577278 -0.0333686 0.00823811 0.0201087
0.204839 12.9245 0.230577 0.562824 -0.0559313 -0.0314795 0.00788449 0.0192456
0.204839 20.4839 0.224653 0.548364 -0.0547977 -0.0300491 0.00756747 0.0184718
0.204839 32.4648 0.219161 0.53496 -0.0540825 -0.028932 0.00728166 0.0177741
0.204839 51.4532 0.213908 0.522136 -0.0536313 -0.0280028 0.0070205 0.0171366
0.204839 81.5479 0.2089 0.509913 -0.0533466 -0.0272021 0.00678104 0.0165521
0.204839 129.245 0.204131 0.498273 -0.0531669 -0.0264916 0.0065605 0.0160138
0.204839 204.839 0.19959 0.487188 -0.0530536 -0.0258471 0.00635659 0.0155161
0.204839 324.648 0.195265 0.476631 -0.052982 -0.0252529 0.00616741 0.0150543
0.204839 514.532 0.191144 0.46657 -0.0529369 -0.0246988 0.00599133 0.0146245
0.204839 815.479 0.187213 0.456976 -0.0529084 -0.0241779 0.00582692 0.0142232
0.204839 1292.45 0.183462 0.44782 -0.0528905 -0.0236854 0.00567305 0.0138476
0.204839 2048.39 0.179879 0.439074 -0.0528791 -0.0232178 0.00552866 0.0134951
0.204839 3246.48 0.176453 0.430712 -0.052872 -0.0227726 0.00539285 0.0131636
0.204839 5145.32 0.173175 0.422709 -0.0528675 -0.0223476 0.00526482 0.0128511
0.204839 8154.79 0.170034 0.415044 -0.0528646 -0.0219411 0.00514393 0.012556
0.204839 12924.5 0.167024 0.407695 -0.0528628 -0.0215519 0.00502956 0.0122769
0.204839 20483.9 0.164134 0.400642 -0.0528617 -0.0211786 0.00492113 0.0120122
0.204839 32464.8 0.161357 0.393864 -0.052861 -0.02082 0.00481816 0.0117609
0.204839 51453.2 0.158691 0.387356 -0.0528605 -0.0204758 0.00472034 0.0115221
0.204839 81547.9 0.156124 0.38109 -0.0528602 -0.0201445 0.00462717 0.0112947
0.324648 1.29245 0.207914 0.320215 -0.0442255 -0.0141617 0.0071684 0.0110403
0.324648 2.04839 0.193844 0.298545 -0.0382273 -0.0114126 0.00651719 0.0100373
0.324648 3.24648 0.182027 0.280345 -0.0344426 -0.00965582 0.00599847 0.00923841
0.324648 5.14532 0.171733 0.26449 -0.0320547 -0.00847816 0.00557344 0.00858382
0.324648 8.15479 0.162656 0.250511 -0.030548 -0.00765262 0.0052175 0.00803562
0.324648 12.9245 0.154588 0.238085 -0.0295973 -0.00704669 0.00491474 0.00756933
0.324648 20.4839 0.147353 0.226943 -0.0289975 -0.00658077 0.00465329 0.00716666
0.324648 32.4648 0.140856 0.216936 -0.028619 -0.0062085 0.00442523 0.00681543
0.324648 51.4532 0.134922 0.207797 -0.0283802 -0.00589733 0.00422296 0.0065039
0.324648 81.5479 0.129489 0.199429 -0.0282296 -0.0056298 0.00404241 0.00622583
0.324648 129.245 0.124494 0.191737 -0.0281345 -0.00539442 0.00388012 0.00597589
0.324648 204.839 0.119886 0.18464 -0.0280745 -0.00518366 0.00373331 0.00574978
0.324648 324.648 0.11562 0.17807 -0.0280367 -0.00499248 0.00359977 0.00554411
0.324648 514.532 0.111659 0.171969 -0.0280128 -0.00481732 0.00347769 0.0053561
0.324648 815.479 0.10797 0.166287 -0.0279977 -0.00465566 0.00336555 0.00518339
0.324648 1292.45 0.104525 0.160982 -0.0279882 -0.0045056 0.00326211 0.00502407
0.324648 2048.39 0.101301 0.156017 -0.0279822 -0.00436569 0.00316633 0.00487657
0.324648 3246.48 0.0982762 0.151358 -0.0279784 -0.00423476 0.00307734 0.0047395
0.324648 5145.32 0.0954324 0.146978 -0.027976 -0.00411187 0.00299438 0.00461173
0.324648 8154.79 0.0927534 0.142852 -0.0279745 -0.00399622 0.00291682 0.00449228
0.324648 12924.5 0.0902249 0.138958 -0.0279736 -0.00388715 0.0028441 0.00438028
0.324648 20483.9 0.0878343 0.135276 -0.027973 -0.00378408 0.00277599 0.00427539
0.324648 32464.8 0.0855695 0.131788 -0.0279726 -0.00368646 0.00271189 0.00417666
0.324648 51453.2 0.0834231 0.128482 -0.0279724 -0.00359396 0.0026514 0.0040835
0.324648 81547.9 0.0813834 0.125341 -0.0279722 -0.00350606 0.00259415 0.00399532
0.514532 1.29245 0.0974867 0.0947334 0.0830265 0.00786539 0.0043717 0.00424823
0.514532 2.04839 0.0859886 0.0835601 0.0717658 0.00599675 0.0040078 0.00389461
0.514532 3.24648 0.0768737 0.0747026 0.0646607 0.00483032 0.00370431 0.00359969
0.514532 5.14532 0.0694288 0.067468 0.0601777 0.00406006 0.00344517 0.00334787
0.514532 8.15479 0.0632334 0.0614475 0.0573491 0.00352396 0.00322076 0.0031298
0.514532 12.9245 0.0579987 0.0563606 0.0555643 0.00313164 0.00302425 0.00293884
0.514532 20.4839 0.0535128 0.0520014 0.0544383 0.00283087 0.0028503 0.0027698
0.514532 32.4648 0.0496334 0.0482316 0.0537278 0.00259137 0.00269539 0.00261926
0.514532 51.4532 0.0462229 0.0449174 0.0532795 0.00239318 0.00255554 0.00248336
0.514532 81.5479 0.0432077 0.0419874 0.0529966 0.00222519 0.0024288 0.0023602
0.514532 129.245 0.0405245 0.03938 0.0528181 0.00207998 0.00231338 0.00224805
0.514532 204.839 0.0381228 0.0370461 0.0527055 0.00195253 0.00220784 0.00214548
0.514532 324.648 0.0359616 0.0349459 0.0526345 0.00183936 0.00211097 0.00205135
0.514532 514.532 0.0340077 0.0330472 0.0525896 0.00173794 0.00202174 0.00196463
0.514532 815.479 0.0322333 0.0313229 0.0525613 0.00164637 0.00193928 0.00188451
0.514532 1292.45 0.0306155 0.0297509 0.0525435 0.00156321 0.00186286 0.00181025
0.514532 2048.39 0.0291352 0.0283124 0.0525322 0.00148731 0.00179184 0.00174123
0.514532 3246.48 0.0277761 0.0269916 0.0525251 0.00141774 0.00172568 0.00167694
0.514532 5145.32 0.0265243 0.0257752 0.0525207 0.00135373 0.00166389 0.0016169
0.514532 8154.79 0.0253681 0.0246516 0.0525178 0.00129465 0.00160607 0.00156071
0.514532 12924.5 0.0242971 0.0236109 0.052516 0.00123995 0.00155184 0.00150801
0.514532 20483.9 0.0233028 0.0226447 0.0525149 0.00118918 0.00150089 0.0014585
0.514532 32464.8 0.0223772 0.0217452 0.0525142 0.00114193 0.00145291 0.00141188
0.514532 51453.2 0.0215142 0.0209065 0.0525138 0.00109788 0.0014077 0.00136794
0.514532 81547.9 0.0207074 0.0201225 0.0525135 0.0010567 0.00136499 0.00132644
0.815479 1.29245 0.00392075 0.00240396 0.4477 0.00107625 0.000826451 0.000506727
0.815479 2.04839 0.0030859 0.00189208 0.386979 0.000732194 0.000664239 0.000407269
0.815479 3.24648 0.00249741 0.00153125 0.348667 0.000533897 0.000547216 0.000335518
0.815479 5.14532 0.00206379 0.00126539 0.324493 0.000410609 0.000459281 0.000281602
0.815479 8.15479 0.00173478 0.00106366 0.309241 0.000328926 0.000391403 0.000239983
0.815479 12.9245 0.00147902 0.000906839 0.299617 0.000271704 0.000337829 0.000207135
0.815479 20.4839 0.00127595 0.000782331 0.293545 0.000229649 0.000294708 0.000180696
0.815479 32.4648 0.00111207 0.000681853 0.289714 0.000197542 0.000259481 0.000159097
0.815479 51.4532 0.000977111 0.000599103 0.287296 0.00017212 0.000230138 0.000141106
0.815479 81.5479 0.000864838 0.000530264 0.285771 0.000151534 0.000205473 0.000125983
0.815479 129.245 0.000770472 0.000472405 0.284809 0.000134545 0.00018454 0.000113148
0.815479 204.839 0.000690422 0.000423323 0.284201 0.000120309 0.000166623 0.000102163
0.815479 324.648 0.000621964 0.000381349 0.283818 0.000108234 0.000151171 9.26885e-05
0.815479 514.532 0.000562981 0.000345184 0.283576 9.78861e-05 0.000137753 8.44611e-05
0.815479 815.479 0.000511812 0.000313811 0.283424 8.89415e-05 0.000126025 7.72706e-05
0.815479 1292.45 0.000467151 0.000286427 0.283328 8.11527e-05 0.000115717 7.09504e-05
0.815479 2048.39 0.000427951 0.000262392 0.283267 7.43271e-05 0.00010661 6.53663e-05
0.815479 3246.48 0.000393364 0.000241186 0.283229 6.83107e-05 9.85232e-05 6.04082e-05
0.815479 5145.32 0.0003627 0.000222385 0.283205 6.29804e-05 9.13112e-05 5.59862e-05
0.815479 8154.79 0.000335396 0.000205644 0.283189 5.82361e-05 8.48525e-05 5.20262e-05
0.815479 12924.5 0.000310982 0.000190674 0.28318 5.39951e-05 7.90459e-05 4.84659e-05
0.815479 20483.9 0.000289068 0.000177238 0.283174 5.01892e-05 7.3807e-05 4.52538e-05
0.815479 32464.8 0.000269337 0.00016514 0.28317 4.67627e-05 6.90658e-05 4.23468e-05
0.815479 51453.2 0.00025149 0.000154198 0.283167 4.36638e-05 6.47578e-05 3.97054e-05
0.815479 81547.9 0.000235317 0.000144282 0.283166 4.08556e-05 6.08353e-05 3.73004e-05
