1.29245e-05 1.29245 0.920548 24869.3 -0.0774756 -1926.76 0.0328832 888.365
1.29245e-05 2.04839 1.08856 30498.6 -0.0669677 -2042.42 0.0316767 887.5
1.29245e-05 3.24648 1.39864 41332.9 -0.0603376 -2493.93 0.0316271 934.647
1.29245e-05 5.14532 1.79419 55788.7 -0.0561543 -3132.78 0.032593 1013.45
1.29245e-05 8.15479 2.2578 73057.9 -0.0535148 -3909.68 0.0344406 1114.43
1.29245e-05 12.9245 2.78018 92649.4 -0.0518494 -4803.82 0.0370223 1233.77
1.29245e-05 20.4839 3.36353 114525 -0.0507987 -5817.74 0.0403633 1374.34
1.29245e-05 32.4648 4.00526 138548 -0.0501356 -6946.22 0.044453 1537.7
1.29245e-05 51.4532 4.69669 164397 -0.0497173 -8173.38 0.0489579 1713.66
1.29245e-05 81.5479 5.43658 192023 -0.0494534 -9496.18 0.0537756 1899.38
1.29245e-05 129.245 6.22087 221289 -0.0492868 -10906.6 0.058832 2092.78
1.29245e-05 204.839 7.04701 252117 -0.0491817 -12399.5 0.0640802 2292.56
1.29245e-05 324.648 7.91501 284517 -0.0491154 -13974.2 0.069508 2498.57
1.29245e-05 514.532 8.82675 318571 -0.0490736 -15633.4 0.0751285 2711.5
1.29245e-05 815.479 9.79198 354641 -0.0490472 -17394.2 0.0810297 2934.69
1.29245e-05 1292.45 10.8526 394264 -0.0490306 -19331 0.0875781 3181.61
1.29245e-05 2048.39 12.0318 438301 -0.0490201 -21485.5 0.094979 3459.95
1.29245e-05 3246.48 13.4779 492197 -0.0490134 -24124.3 0.104457 3814.64
1.29245e-05 5145.32 15.2371 557701 -0.0490092 -27332.5 0.116302 4256.8
1.29245e-05 8154.79 17.495 641668 -0.0490066 -31446 0.131909 4838.07
1.29245e-05 12924.5 20.106 738845 -0.0490049 -36207 0.149885 5507.89
1.29245e-05 20483.9 23.0518 848601 -0.0490039 -41584.7 0.169728 6248.17
1.29245e-05 32464.8 26.1153 962962 -0.0490032 -47188.3 0.189778 6997.79
1.29245e-05 51453.2 28.9609 1.06954e+06 -0.0490028 -52410.3 0.207078 7647.48
1.29245e-05 81547.9 31.7253 1.17332e+06 -0.0490025 -57495.7 0.223091 8250.76
2.04839e-05 1.29245 0.822574 14055 -0.0774775 -1088.95 0.0239533 409.283
2.04839e-05 2.04839 0.985759 17462 -0.0669694 -1169.42 0.0230693 408.655
2.04839e-05 3.24648 1.27314 23776.4 -0.0603391 -1434.65 0.0231878 433.04
2.04839e-05 5.14532 1.63166 32046.8 -0.0561557 -1799.61 0.0242061 475.422
2.04839e-05 8.15479 2.04589 41800.9 -0.0535162 -2237.02 0.0259929 531.078
2.04839e-05 12.9245 2.50744 52748.7 -0.0518507 -2735.06 0.0283908 597.255
2.04839e-05 20.4839 3.02034 64908.6 -0.0507999 -3297.35 0.0314149 675.12
2.04839e-05 32.4648 3.58289 78215.7 -0.0501369 -3921.49 0.0350393 764.921
2.04839e-05 51.4532 4.18441 92426.1 -0.0497186 -4595.29 0.0389576 860.503
2.04839e-05 81.5479 4.82377 107511 -0.0494546 -5316.89 0.0430869 960.306
2.04839e-05 129.245 5.49748 123395 -0.0492881 -6081.89 0.047368 1063.21
2.04839e-05 204.839 6.20339 140037 -0.049183 -6887.41 0.0517656 1168.57
2.04839e-05 324.648 6.94154 157443 -0.0491167 -7733.08 0.0562727 1276.34
2.04839e-05 514.532 7.71367 175660 -0.0490748 -8620.5 0.0609028 1386.91
2.04839e-05 815.479 8.52823 194887 -0.0490484 -9558.9 0.0657291 1502.04
2.04839e-05 1292.45 9.42132 215957 -0.0490318 -10588.7 0.0710465 1628.54
2.04839e-05 2048.39 10.4129 239340 -0.0490213 -11732.7 0.0770224 1770.36
2.04839e-05 3246.48 11.6297 267970 -0.0490146 -13134.5 0.0846449 1950.39
2.04839e-05 5145.32 13.1102 302768 -0.0490105 -14838.8 0.094153 2174.37
2.04839e-05 8154.79 15.0113 347390 -0.0490078 -17024.8 0.106674 2468.63
2.04839e-05 12924.5 17.2066 398956 -0.0490062 -19551.3 0.121088 2807.57
2.04839e-05 20483.9 19.6773 457052 -0.0490051 -22397.9 0.136988 3181.87
2.04839e-05 32464.8 22.2393 517411 -0.0490044 -25355.5 0.153033 3560.42
2.04839e-05 51453.2 24.604 573312 -0.049004 -28094.6 0.166828 3887.35
2.04839e-05 81547.9 26.892 627532 -0.0490038 -30751.4 0.179561 4190.1
3.24648e-05 1.29245 0.736191 7955.63 -0.0774806 -616.407 0.0190854 206.246
3.24648e-05 2.04839 0.894664 10019.9 -0.066972 -671.054 0.0182203 204.061
3.24648e-05 3.24648 1.16044 13694.9 -0.0603415 -826.372 0.0182595 215.489
3.24648e-05 5.14532 1.48454 18416.9 -0.056158 -1034.26 0.0190973 236.916
3.24648e-05 8.15479 1.85357 23912.7 -0.0535183 -1279.77 0.0206115 265.906
3.24648e-05 12.9245 2.26009 30013.4 -0.0518528 -1556.28 0.0226498 300.784
3.24648e-05 20.4839 2.70952 36751.4 -0.0508019 -1867.04 0.0252136 341.993
3.24648e-05 32.4648 3.20082 44097.1 -0.0501389 -2210.98 0.0282726 389.506
3.24648e-05 51.4532 3.72213 51880.9 -0.0497205 -2579.55 0.0315545 439.822
3.24648e-05 81.5479 4.27242 60086.1 -0.0494566 -2971.65 0.0349879 492.06
3.24648e-05 129.245 4.84876 68673.1 -0.04929 -3384.9 0.0385229 545.601
3.24648e-05 204.839 5.44936 77619.8 -0.0491849 -3817.72 0.0421309 600.105
3.24648e-05 324.648 6.07435 86931.4 -0.0491186 -4269.95 0.0458068 655.551
3.24648e-05 514.532 6.72533 96634.4 -0.0490768 -4742.5 0.0495619 712.141
3.24648e-05 815.479 7.40964 106838 -0.0490504 -5240.42 0.0534562 770.771
3.24648e-05 1292.45 8.15827 117993 -0.0490337 -5785.63 0.0577271 834.905
3.24648e-05 2048.39 8.9884 130355 -0.0490232 -6390.44 0.0625107 906.57
3.24648e-05 3246.48 10.0081 145503 -0.0490166 -7132.04 0.068601 997.359
3.24648e-05 5145.32 11.2492 163916 -0.0490124 -8033.91 0.0761938 1110.25
3.24648e-05 8154.79 12.8438 187540 -0.0490098 -9191.29 0.0861975 1258.62
3.24648e-05 12924.5 14.6827 214801 -0.0490081 -10527 0.0977156 1429.53
3.24648e-05 20483.9 16.747 245435 -0.049007 -12028 0.110414 1618.16
3.24648e-05 32464.8 18.8811 277168 -0.0490064 -13583 0.12321 1808.69
3.24648e-05 51453.2 20.838 306367 -0.049006 -15013.8 0.134162 1972.49
3.24648e-05 81547.9 22.7233 334568 -0.0490057 -16395.7 0.144236 2123.67
5.14532e-05 1.29245 0.660339 4513.01 -0.0774854 -349.692 0.0169398 115.773
5.14532e-05 2.04839 0.814116 5764.5 -0.0669762 -386.085 0.0159283 112.783
5.14532e-05 3.24648 1.05922 7899.23 -0.0603453 -476.681 0.0157425 117.401
5.14532e-05 5.14532 1.35131 10588.7 -0.0561615 -594.679 0.0162466 127.306
5.14532e-05 8.15479 1.67898 13676.6 -0.0535217 -731.992 0.0173451 141.29
5.14532e-05 12.9245 2.03578 17065.8 -0.051856 -884.966 0.0189093 158.516
5.14532e-05 20.4839 2.42809 20786.5 -0.0508051 -1056.06 0.0209292 179.171
5.14532e-05 32.4648 2.85544 24826.1 -0.050142 -1244.83 0.0233758 203.237
5.14532e-05 51.4532 3.30532 29072.7 -0.0497236 -1445.6 0.0260151 228.822
5.14532e-05 81.5479 3.77689 33517.4 -0.0494597 -1657.76 0.0287792 255.396
5.14532e-05 129.245 4.26771 38139.4 -0.0492931 -1880.01 0.0316224 282.602
5.14532e-05 204.839 4.77634 42927.6 -0.049188 -2111.52 0.0345184 310.236
5.14532e-05 324.648 5.303 47885.9 -0.0491217 -2352.24 0.0374608 338.27
5.14532e-05 514.532 5.84915 53029.4 -0.0490799 -2602.68 0.0404575 366.795
5.14532e-05 815.479 6.4212 58418 -0.0490535 -2865.61 0.0435558 396.257
5.14532e-05 1292.45 7.04568 64295.9 -0.0490368 -3152.87 0.0469452 428.401
5.14532e-05 2048.39 7.73738 70801.4 -0.0490263 -3471.13 0.0507355 464.259
5.14532e-05 3246.48 8.58805 78780.1 -0.0490197 -3861.77 0.0555617 509.68
5.14532e-05 5145.32 9.62403 88482.7 -0.0490155 -4337.02 0.0615845 566.203
5.14532e-05 8154.79 10.9562 100940 -0.0490128 -4947.34 0.0695367 640.64
5.14532e-05 12924.5 12.4904 115294 -0.0490112 -5650.67 0.0786998 726.447
5.14532e-05 20483.9 14.208 131381 -0.0490101 -6439.01 0.0887955 821.09
5.14532e-05 32464.8 15.9783 147995 -0.0490095 -7253.17 0.0989551 916.547
5.14532e-05 51453.2 17.5904 163178 -0.049009 -7997.18 0.107604 998.191
5.14532e-05 81547.9 19.1364 177776 -0.0490088 -8712.58 0.115527 1073.24
8.15479e-05 1.29245 0.594117 2567.87 -0.0774931 -198.992 0.0162032 70.0328
8.15479e-05 2.04839 0.74311 3326.51 -0.0669829 -222.819 0.0150275 67.2702
8.15479e-05 3.24648 0.968342 4563.33 -0.0603513 -275.403 0.0146028 68.8161
8.15479e-05 5.14532 1.23063 6090.76 -0.0561671 -342.1 0.0147506 73.0051
8.15479e-05 8.15479 1.52046 7820.18 -0.053527 -418.59 0.0154067 79.241
8.15479e-05 12.9245 1.8324 9696.63 -0.0518612 -502.878 0.0164761 87.1877
8.15479e-05 20.4839 2.17341 11743.3 -0.0508102 -596.678 0.0179462 96.9662
8.15479e-05 32.4648 2.54345 13955.4 -0.050147 -699.823 0.0197939 108.606
8.15479e-05 51.4532 2.9299 16262.2 -0.0497286 -808.695 0.0218256 121.141
8.15479e-05 81.5479 3.33206 18658.8 -0.0494646 -922.949 0.0239754 134.257
8.15479e-05 129.245 3.74798 21134.8 -0.049298 -1041.9 0.0261989 147.735
8.15479e-05 204.839 4.17653 23684.9 -0.0491929 -1165.13 0.028469 161.446
8.15479e-05 324.648 4.61799 26311.6 -0.0491266 -1292.6 0.0307772 175.357
8.15479e-05 514.532 5.07374 29024 -0.0490847 -1424.64 0.0331275 189.504
8.15479e-05 815.479 5.54935 31854.9 -0.0490583 -1562.75 0.0355556 204.1
8.15479e-05 1292.45 6.06751 34935.9 -0.0490417 -1713.32 0.0382102 220.009
8.15479e-05 2048.39 6.64086 38341.9 -0.0490312 -1879.95 0.0411789 237.752
8.15479e-05 3246.48 7.34713 42524.6 -0.0490245 -2084.75 0.0449672 260.267
8.15479e-05 5145.32 8.20792 47614 -0.0490203 -2334.05 0.0497064 288.346
8.15479e-05 8154.79 9.31603 54154 -0.0490177 -2654.51 0.0559837 325.433
8.15479e-05 12924.5 10.5904 61679.4 -0.049016 -3023.28 0.0632294 368.255
8.15479e-05 20483.9 12.0133 70090.9 -0.049015 -3435.5 0.0712151 415.5
8.15479e-05 32464.8 13.4752 78749.9 -0.0490143 -3859.87 0.0792422 463.098
8.15479e-05 51453.2 14.7966 86605.8 -0.0490139 -4244.89 0.0860345 503.568
8.15479e-05 81547.9 16.0578 94123.4 -0.0490136 -4613.33 0.0922284 540.601
0.000129245 1.29245 0.53676 1467.14 -0.0775053 -113.711 0.0159226 43.5216
0.000129245 2.04839 0.680763 1926.55 -0.0669934 -129.066 0.0146404 41.4322
0.000129245 3.24648 0.886811 2640.76 -0.0603608 -159.398 0.0140364 41.7978
0.000129245 5.14532 1.12132 3505.28 -0.0561759 -196.912 0.0138958 43.4388
0.000129245 8.15479 1.37658 4470.4 -0.0535354 -239.325 0.0141765 46.0374
0.000129245 12.9245 1.6481 5505.34 -0.0518693 -285.558 0.0148145 49.4865
0.000129245 20.4839 1.94312 6626.38 -0.0508182 -336.74 0.0157983 53.8752
0.000129245 32.4648 2.26193 7832.18 -0.0501549 -392.822 0.0171132 59.2563
0.000129245 51.4532 2.59219 9079.15 -0.0497364 -451.564 0.0186075 65.1731
0.000129245 81.5479 2.93335 10365 -0.0494723 -512.779 0.0202201 71.4476
0.000129245 129.245 3.28387 11684.4 -0.0493057 -576.11 0.021908 77.9515
0.000129245 204.839 3.64291 13035.2 -0.0492006 -641.338 0.0236439 84.6035
0.000129245 324.648 4.01081 14419 -0.0491343 -708.467 0.0254165 91.3732
0.000129245 514.532 4.38888 15841.2 -0.0490925 -777.683 0.0272257 98.2682
0.000129245 815.479 4.78195 17319.8 -0.049066 -849.813 0.0290975 105.388
0.000129245 1292.45 5.20936 18925.5 -0.0490494 -928.285 0.031147 113.157
0.000129245 2048.39 5.68194 20698.8 -0.0490389 -1015.05 0.0334433 121.831
0.000129245 3246.48 6.26524 22880.2 -0.0490322 -1121.87 0.0363847 132.875
0.000129245 5145.32 6.97692 25536.7 -0.0490281 -1252.01 0.0400792 146.696
0.000129245 8154.79 7.89429 28954.3 -0.0490254 -1419.49 0.044997 165.038
0.000129245 12924.5 8.94787 32881.3 -0.0490237 -1611.96 0.0506899 186.273
0.000129245 20483.9 10.1211 37258.4 -0.0490227 -1826.51 0.0569691 209.719
0.000129245 32464.8 11.3223 41749.5 -0.049022 -2046.64 0.0632759 233.321
0.000129245 51453.2 12.3998 45793 -0.0490216 -2244.85 0.0685792 253.266
0.000129245 81547.9 13.4228 49642.7 -0.0490214 -2433.55 0.0733918 271.431
0.000204839 1.29245 0.487601 842.818 -0.0775246 -65.3392 0.0156009 26.9662
0.000204839 2.04839 0.62628 1120.45 -0.0670101 -75.0814 0.0142857 25.5579
0.000204839 3.24648 0.813736 1531.15 -0.0603758 -92.4445 0.0135711 25.5359
0.000204839 5.14532 1.02234 2018.53 -0.0561899 -113.421 0.0132321 26.1259
0.000204839 8.15479 1.24606 2554.95 -0.0535487 -136.814 0.0132376 27.1428
0.000204839 12.9245 1.48123 3123.36 -0.0518823 -162.047 0.0135447 28.5606
0.000204839 20.4839 1.73511 3734.51 -0.0508308 -189.828 0.0141439 30.4423
0.000204839 32.4648 2.00826 4388.4 -0.0501674 -220.155 0.0150252 32.8329
0.000204839 51.4532 2.28888 5058.91 -0.0497488 -251.675 0.0160758 35.5308
0.000204839 81.5479 2.5766 5744.94 -0.0494847 -284.287 0.0172424 38.4448
0.000204839 129.245 2.87022 6444.07 -0.049318 -317.809 0.0184862 41.5042
0.000204839 204.839 3.16914 7155.25 -0.0492129 -352.131 0.0197806 44.6605
0.000204839 324.648 3.47379 7879.81 -0.0491465 -387.265 0.0211128 47.8915
0.000204839 514.532 3.78536 8620.8 -0.0491047 -423.322 0.0224795 51.1949
0.000204839 815.479 4.10807 9388.13 -0.0490783 -460.753 0.0238986 54.6152
0.000204839 1292.45 4.45835 10219.8 -0.0490616 -501.398 0.0254578 58.3562
0.000204839 2048.39 4.84543 11137.4 -0.0490511 -546.302 0.0272104 62.5443
0.000204839 3246.48 5.32442 12268.7 -0.0490445 -601.709 0.0294675 67.8997
0.000204839 5145.32 5.90966 13647.9 -0.0490403 -669.296 0.0323182 74.6363
0.000204839 8154.79 6.66527 15424.8 -0.0490376 -756.394 0.0361382 83.6311
0.000204839 12924.5 7.53197 17463.8 -0.049036 -856.355 0.0405797 94.0892
0.000204839 20483.9 8.4943 19730 -0.0490349 -967.459 0.0454875 105.656
0.000204839 32464.8 9.47623 22047.1 -0.0490342 -1081.06 0.0504161 117.297
0.000204839 51453.2 10.3497 24116.5 -0.0490338 -1182.53 0.0545338 127.072
0.000204839 81547.9 11.1745 26075.9 -0.0490336 -1278.59 0.0582509 135.93
0.000324648 1.29245 0.446035 487.531 -0.0775552 -37.8106 0.0150457 16.4455
0.000324648 2.04839 0.578914 654.734 -0.0670365 -43.8911 0.0137662 15.5692
0.000324648 3.24648 0.748311 889.701 -0.0603996 -53.7376 0.0129947 15.45
0.000324648 5.14532 0.932778 1163.21 -0.056212 -65.3866 0.0125337 15.63
0.000324648 8.15479 1.12775 1460 -0.0535698 -78.2121 0.0123576 15.9983
0.000324648 12.9245 1.33032 1770.73 -0.0519027 -91.9057 0.0124344 16.5509
0.000324648 20.4839 1.5475 2102.16 -0.0508509 -106.897 0.0127568 17.3291
0.000324648 32.4648 1.78006 2454.73 -0.0501872 -123.196 0.0133129 18.3588
0.000324648 51.4532 2.01701 2813.16 -0.0497684 -140.006 0.0140205 19.5547
0.000324648 81.5479 2.25806 3176.94 -0.0495042 -157.272 0.0148375 20.8753
0.000324648 129.245 2.50236 3545 -0.0493375 -174.901 0.0157299 22.2839
0.000324648 204.839 2.7495 3916.97 -0.0492323 -192.842 0.0166734 23.7531
0.000324648 324.648 2.99995 4293.73 -0.0491659 -211.105 0.0176548 25.2688
0.000324648 514.532 3.25484 4677.08 -0.0491241 -229.757 0.0186697 26.8277
0.000324648 815.479 3.51782 5072.46 -0.0490976 -249.046 0.0197292 28.4482
0.000324648 1292.45 3.80283 5500.16 -0.049081 -269.953 0.0208989 30.2268
0.000324648 2048.39 4.11769 5971.83 -0.0490704 -293.04 0.0222195 32.2246
0.000324648 3246.48 4.50857 6554.87 -0.0490638 -321.607 0.0239309 34.7924
0.000324648 5145.32 4.98701 7266.81 -0.0490596 -356.507 0.0261076 38.0426
0.000324648 8154.79 5.60596 8185.62 -0.049057 -401.562 0.0290493 42.4167
0.000324648 12924.5 6.31505 9238.63 -0.0490553 -453.204 0.0324907 47.5324
0.000324648 20483.9 7.10004 10405.4 -0.0490543 -510.432 0.0363053 53.2072
0.000324648 32464.8 7.89811 11594.2 -0.0490536 -568.735 0.0401385 58.9221
0.000324648 51453.2 8.60181 12646.7 -0.0490532 -620.358 0.0433196 63.6899
0.000324648 81547.9 9.26222 13637.3 -0.0490529 -668.948 0.0461752 67.9862
0.000514532 1.29245 0.411482 284.404 -0.0776036 -22.0708 0.0142211 9.82919
0.000514532 2.04839 0.537935 384.588 -0.0670784 -25.7976 0.0130374 9.32086
0.000514532 3.24648 0.68979 518.201 -0.0604373 -31.3187 0.0122457 9.19948
0.000514532 5.14532 0.851809 670.899 -0.0562471 -37.7361 0.0117201 9.23091
0.000514532 8.15479 1.02065 834.281 -0.0536033 -44.7202 0.0114366 9.34823
0.000514532 12.9245 1.19408 1003.28 -0.0519351 -52.1052 0.011368 9.55152
0.000514532 20.4839 1.37861 1181.96 -0.0508826 -60.1411 0.0115083 9.86672
0.000514532 32.4648 1.57521 1370.85 -0.0502185 -68.8421 0.0118392 10.3032
0.000514532 51.4532 1.77387 1561.2 -0.0497995 -77.7472 0.0122992 10.8247
0.000514532 81.5479 1.97435 1752.79 -0.0495351 -86.8248 0.0128575 11.4147
0.000514532 129.245 2.17607 1945.18 -0.0493683 -96.0302 0.0134855 12.0546
0.000514532 204.839 2.37879 2138.29 -0.049263 -105.339 0.0141624 12.7305
0.000514532 324.648 2.58302 2332.69 -0.0491966 -114.761 0.0148757 13.4341
0.000514532 514.532 2.78981 2529.45 -0.0491547 -124.334 0.0156198 14.1621
0.000514532 815.479 3.00234 2731.55 -0.0491283 -134.196 0.0164019 14.9226
0.000514532 1292.45 3.23236 2949.79 -0.0491116 -144.869 0.0172699 15.7602
0.000514532 2048.39 3.48651 3190.41 -0.0491011 -156.653 0.0182543 16.704
0.000514532 3246.48 3.80328 3488.87 -0.0490944 -171.284 0.0195386 17.9234
0.000514532 5145.32 4.19191 3854.04 -0.0490902 -189.196 0.0211851 19.4776
0.000514532 8154.79 4.69589 4326.33 -0.0490876 -212.369 0.0234334 21.5892
0.000514532 12924.5 5.2726 4866.94 -0.0490859 -238.898 0.0260849 24.078
0.000514532 20483.9 5.90908 5464.13 -0.0490849 -268.206 0.0290376 26.851
0.000514532 32464.8 6.55369 6070.2 -0.0490842 -297.951 0.0320092 29.6478
0.000514532 51453.2 7.11672 6601.86 -0.0490838 -324.044 0.0344584 31.9655
0.000514532 81547.9 7.64163 7099.03 -0.0490835 -348.445 0.0366436 34.0417
0.000815479 1.29245 0.383341 167.535 -0.0776802 -13.0142 0.0131656 5.75388
0.000815479 2.04839 0.50258 227.129 -0.0671445 -15.2505 0.0121274 5.48067
0.000815479 3.24648 0.637454 302.579 -0.0604969 -18.3051 0.0113401 5.38279
0.000815479 5.14532 0.778664 387.34 -0.0563026 -21.8082 0.0107926 5.36869
0.000815479 8.15479 0.923851 476.787 -0.0536562 -25.5826 0.0104587 5.39759
0.000815479 12.9245 1.0713 568.184 -0.0519863 -29.5378 0.010311 5.46862
0.000815479 20.4839 1.22689 663.883 -0.0509328 -33.8134 0.0103447 5.59761
0.000815479 32.4648 1.39176 764.359 -0.050268 -38.4228 0.0105329 5.78469
0.000815479 51.4532 1.55698 864.714 -0.0498486 -43.1048 0.0108264 6.01277
0.000815479 81.5479 1.72233 964.839 -0.0495839 -47.8405 0.011205 6.27698
0.000815479 129.245 1.88744 1064.59 -0.049417 -52.6087 0.011645 6.56822
0.000815479 204.839 2.05223 1163.99 -0.0493116 -57.3983 0.0121285 6.87911
0.000815479 324.648 2.21722 1263.42 -0.0492451 -62.2174 0.0126447 7.2052
0.000815479 514.532 2.38339 1363.49 -0.0492032 -67.0883 0.0131879 7.54454
0.000815479 815.479 2.55351 1465.85 -0.0491767 -72.0858 0.0137625 7.90039
0.000815479 1292.45 2.73745 1576.23 -0.04916 -77.4875 0.0144033 8.29344
0.000815479 2048.39 2.9408 1697.94 -0.0491495 -83.4529 0.0151328 8.73728
0.000815479 3246.48 3.19552 1849.57 -0.0491428 -90.893 0.0160898 9.31274
0.000815479 5145.32 3.50896 2035.56 -0.0491387 -100.025 0.017327 10.0514
0.000815479 8154.79 3.91663 2276.75 -0.049136 -111.87 0.0190368 11.0662
0.000815479 12924.5 4.38264 2552.51 -0.0491343 -125.416 0.0210739 12.2737
0.000815479 20483.9 4.89531 2856.15 -0.0491333 -140.332 0.0233561 13.6271
0.000815479 32464.8 5.41241 3163.06 -0.0491326 -155.41 0.0256583 14.995
0.000815479 51453.2 5.85947 3429.61 -0.0491322 -168.504 0.0275411 16.1201
0.000815479 81547.9 6.27325 3677.1 -0.0491319 -180.663 0.0292088 17.1209
0.00129245 1.29245 0.360952 99.7445 -0.0778011 -7.76023 0.0119516 3.30267
0.00129245 2.04839 0.472022 134.839 -0.067249 -9.0678 0.0110937 3.16906
0.00129245 3.24648 0.590585 177.121 -0.0605911 -10.7319 0.0103303 3.09813
0.00129245 5.14532 0.712619 223.883 -0.0563902 -12.6248 0.00979517 3.07734
0.00129245 8.15479 0.836492 272.565 -0.0537397 -14.6475 0.00945502 3.08085
0.00129245 12.9245 0.960894 321.695 -0.0520673 -16.7498 0.0092792 3.10656
0.00129245 20.4839 1.09092 372.567 -0.0510121 -19.0054 0.00926211 3.16315
0.00129245 32.4648 1.22791 425.576 -0.0503463 -21.4262 0.00936946 3.24733
0.00129245 51.4532 1.36405 478.049 -0.0499262 -23.8671 0.00956024 3.35051
0.00129245 81.5479 1.49911 529.915 -0.0496611 -26.3162 0.00982137 3.47172
0.00129245 129.245 1.6329 581.153 -0.0494939 -28.7635 0.0101336 3.60658
0.00129245 204.839 1.76546 631.823 -0.0493884 -31.2047 0.0104824 3.75145
0.00129245 324.648 1.89731 682.161 -0.0493218 -33.6454 0.0108586 3.90409
0.00129245 514.532 2.02936 732.525 -0.0492798 -36.0987 0.0112574 4.0635
0.00129245 815.479 2.164 783.817 -0.0492533 -38.6055 0.0116807 4.23083
0.00129245 1292.45 2.30952 839.07 -0.0492365 -41.3129 0.0121541 4.41569
0.00129245 2048.39 2.4706 900.039 -0.049226 -44.3053 0.0126941 4.62445
0.00129245 3246.48 2.67365 976.413 -0.0492193 -48.0584 0.0134061 4.8959
0.00129245 5145.32 2.92444 1070.41 -0.0492151 -52.6802 0.0143347 5.2468
0.00129245 8154.79 3.2518 1192.69 -0.0492125 -58.6952 0.015635 5.73458
0.00129245 12924.5 3.62568 1332.36 -0.0492108 -65.5666 0.0172018 6.3213
0.00129245 20483.9 4.03562 1485.63 -0.0492098 -73.1076 0.018969 6.98307
0.00129245 32464.8 4.44732 1639.89 -0.0492091 -80.6977 0.0207563 7.65364
0.00129245 51453.2 4.79929 1772.41 -0.0492087 -87.2179 0.0222043 8.20018
0.00129245 81547.9 5.12246 1894.49 -0.0492084 -93.2247 0.0234755 8.68217
0.00204839 1.29245 0.343549 60.0247 -0.0779917 -4.68143 0.0106648 1.86335
0.00204839 2.04839 0.445331 80.4098 -0.0674138 -5.42073 0.00999615 1.80492
0.00204839 3.24648 0.548428 103.92 -0.0607395 -6.31202 0.00927934 1.75831
0.00204839 5.14532 0.652944 129.556 -0.0565284 -7.32361 0.00878841 1.74378
0.00204839 8.15479 0.757734 155.888 -0.0538713 -8.3979 0.00847773 1.74412
0.00204839 12.9245 0.861798 182.124 -0.0521948 -9.50593 0.00831117 1.7564
0.00204839 20.4839 0.969327 208.934 -0.051137 -10.6843 0.00827918 1.78454
0.00204839 32.4648 1.08189 236.635 -0.0504696 -11.9429 0.00834675 1.82564
0.00204839 51.4532 1.19287 263.811 -0.0500485 -13.2033 0.00847848 1.87507
0.00204839 81.5479 1.30193 290.403 -0.0497828 -14.4571 0.00866616 1.93303
0.00204839 129.245 1.40905 316.434 -0.0496151 -15.6999 0.00889333 1.9972
0.00204839 204.839 1.51434 341.964 -0.0495094 -16.9304 0.00914906 2.06602
0.00204839 324.648 1.61834 367.139 -0.0494426 -18.1523 0.00942638 2.13849
0.00204839 514.532 1.72187 392.169 -0.0494005 -19.3734 0.00972103 2.21405
0.00204839 815.479 1.82701 417.547 -0.0493739 -20.6159 0.0100341 2.29321
0.00204839 1292.45 1.94066 444.871 -0.0493572 -21.9576 0.0103846 2.38054
0.00204839 2048.39 2.06675 475.066 -0.0493466 -23.4429 0.0107849 2.47902
0.00204839 3246.48 2.22698 513.158 -0.0493399 -25.3192 0.0113159 2.6075
0.00204839 5145.32 2.42583 560.238 -0.0493357 -27.6397 0.0120148 2.77476
0.00204839 8154.79 2.68656 621.734 -0.049333 -30.672 0.0130073 3.0102
0.00204839 12924.5 2.98412 691.915 -0.0493314 -34.1331 0.0142171 3.29645
0.00204839 20483.9 3.30922 768.655 -0.0493303 -37.918 0.0155904 3.62129
0.00204839 32464.8 3.63423 845.54 -0.0493296 -41.7102 0.0169819 3.95101
0.00204839 51453.2 3.90868 910.796 -0.0493292 -44.9289 0.0180945 4.21636
0.00204839 81547.9 4.15841 970.386 -0.049329 -47.8681 0.0190593 4.44759
0.00324648 1.29245 0.330253 36.4816 -0.0782912 -2.85619 0.00939398 1.03771
0.00324648 2.04839 0.42149 48.1026 -0.0676727 -3.25523 0.00887977 1.01341
0.00324648 3.24648 0.510204 61.0806 -0.0609728 -3.72425 0.00824626 0.987225
0.00324648 5.14532 0.598898 75.0506 -0.0567455 -4.25878 0.0078326 0.981538
0.00324648 8.15479 0.686731 89.2019 -0.0540782 -4.82388 0.00757919 0.984488
0.00324648 12.9245 0.772934 103.111 -0.0523952 -5.40251 0.0074458 0.993283
0.00324648 20.4839 0.860722 117.095 -0.0513334 -6.01087 0.00741507 1.00876
0.00324648 32.4648 0.951975 131.406 -0.0506634 -6.65748 0.00746224 1.03005
0.00324648 51.4532 1.04127 145.321 -0.0502407 -7.30101 0.00755909 1.05495
0.00324648 81.5479 1.12812 158.786 -0.049974 -7.93514 0.00769707 1.08338
0.00324648 129.245 1.21261 171.835 -0.0498057 -8.55834 0.00786415 1.1144
0.00324648 204.839 1.29494 184.515 -0.0496995 -9.17031 0.00805186 1.1473
0.00324648 324.648 1.37564 196.918 -0.0496325 -9.77355 0.00825492 1.18166
0.00324648 514.532 1.45546 209.166 -0.0495902 -10.3726 0.00847035 1.21728
0.00324648 815.479 1.53621 221.528 -0.0495635 -10.9797 0.0086992 1.25446
0.00324648 1292.45 1.6236 234.841 -0.0495467 -11.6356 0.00895599 1.29542
0.00324648 2048.39 1.7209 249.592 -0.0495361 -12.3638 0.00924993 1.34157
0.00324648 3246.48 1.84583 268.371 -0.0495294 -13.2923 0.0096439 1.40216
0.00324648 5145.32 2.00184 291.709 -0.0495252 -14.4469 0.0101682 1.48172
0.00324648 8154.79 2.20754 322.349 -0.0495225 -15.9635 0.0109256 1.59537
0.00324648 12924.5 2.44219 357.293 -0.0495208 -17.6934 0.0118588 1.73494
0.00324648 20483.9 2.69761 395.36 -0.0495197 -19.5781 0.0129228 1.89396
0.00324648 32464.8 2.9517 433.312 -0.0495191 -21.4572 0.014001 2.05537
0.00324648 51453.2 3.16334 465.098 -0.0495186 -23.031 0.0148474 2.18297
0.00324648 81547.9 3.35396 493.835 -0.0495184 -24.4539 0.0155686 2.29231
0.00514532 1.29245 0.320135 22.3582 -0.0787593 -1.76092 0.00824341 0.575719
0.00514532 2.04839 0.399495 28.8165 -0.0680773 -1.96175 0.00779386 0.562189
0.00514532 3.24648 0.475168 35.9411 -0.0613374 -2.20454 0.00729907 0.552092
0.00514532 5.14532 0.549761 43.5119 -0.0570848 -2.48387 0.00699294 0.55347
0.00514532 8.15479 0.622634 51.0661 -0.0544016 -2.77808 0.00681111 0.558622
0.00514532 12.9245 0.693218 58.3786 -0.0527086 -3.07705 0.00671688 0.565655
0.00514532 20.4839 0.763731 65.5802 -0.0516404 -3.38659 0.00668382 0.573928
0.00514532 32.4648 0.83645 72.8693 -0.0509664 -3.71389 0.00670926 0.584493
0.00514532 51.4532 0.907118 79.8936 -0.0505411 -4.03791 0.00677649 0.596833
0.00514532 81.5479 0.97504 86.6052 -0.0502728 -4.35389 0.00687172 0.610362
0.00514532 129.245 1.04042 93.0359 -0.0501035 -4.66143 0.00698721 0.624807
0.00514532 204.839 1.10351 99.2207 -0.0499967 -4.96071 0.00711691 0.639906
0.00514532 324.648 1.16483 105.216 -0.0499293 -5.25334 0.00725707 0.65551
0.00514532 514.532 1.22506 111.091 -0.0498867 -5.54196 0.00740552 0.67155
0.00514532 815.479 1.28574 116.994 -0.0498599 -5.83329 0.00756346 0.688222
0.00514532 1292.45 1.35162 123.361 -0.049843 -6.14866 0.00774202 0.706605
0.00514532 2048.39 1.42537 130.446 -0.0498323 -6.5004 0.00794782 0.72736
0.00514532 3246.48 1.52139 139.575 -0.0498256 -6.95441 0.00822949 0.754991
0.00514532 5145.32 1.64227 151.004 -0.0498213 -7.5232 0.00861053 0.791722
0.00514532 8154.79 1.80278 166.104 -0.0498186 -8.27508 0.0091723 0.845117
0.00514532 12924.5 1.98585 183.321 -0.0498169 -9.13248 0.00987294 0.911408
0.00514532 20483.9 2.18436 202.003 -0.0498159 -10.063 0.0106757 0.987259
0.00514532 32464.8 2.38078 220.53 -0.0498152 -10.9858 0.0114887 1.06419
0.00514532 51453.2 2.54189 235.816 -0.0498148 -11.7471 0.0121106 1.12352
0.00514532 81547.9 2.68529 249.479 -0.0498145 -12.4277 0.0126276 1.17317
0.00815479 1.29245 0.312389 13.7943 -0.079485 -1.09644 0.00739146 0.326388
0.00815479 2.04839 0.37863 17.2628 -0.0687046 -1.18603 0.00689164 0.314209
0.00815479 3.24648 0.442795 21.1624 -0.0619026 -1.31001 0.00657912 0.314434
0.00815479 5.14532 0.504956 25.2446 -0.0576108 -1.45436 0.00638011 0.318965
0.00815479 8.15479 0.564682 29.2464 -0.0549028 -1.60571 0.00625229 0.323823
0.00815479 12.9245 0.621614 33.051 -0.0531942 -1.75812 0.00617553 0.328351
0.00815479 20.4839 0.67703 36.6991 -0.0521162 -1.91262 0.00611931 0.331704
0.00815479 32.4648 0.733656 40.3428 -0.051436 -2.07507 0.00610562 0.33574
0.00815479 51.4532 0.788351 43.8232 -0.0510068 -2.23528 0.00613178 0.340856
0.00815479 81.5479 0.840198 47.0996 -0.050736 -2.38965 0.00617756 0.3463
0.00815479 129.245 0.889496 50.1977 -0.0505652 -2.53825 0.00623831 0.352052
0.00815479 204.839 0.936538 53.1419 -0.0504573 -2.6814 0.00630981 0.358037
0.00815479 324.648 0.981814 55.9662 -0.0503893 -2.8201 0.00638929 0.364208
0.00815479 514.532 1.02595 58.7112 -0.0503464 -2.9559 0.00647498 0.370538
0.00815479 815.479 1.07027 61.4568 -0.0503193 -3.09247 0.00656758 0.377121
0.00815479 1292.45 1.11866 64.4292 -0.0503022 -3.24094 0.00667468 0.384429
0.00815479 2048.39 1.17331 67.76 -0.0502915 -3.40775 0.00680037 0.39273
0.00815479 3246.48 1.2458 72.1231 -0.0502847 -3.62669 0.00697858 0.404011
0.00815479 5145.32 1.33807 77.6384 -0.0502804 -3.90369 0.00722627 0.419288
0.00815479 8154.79 1.4617 84.9865 -0.0502777 -4.27292 0.0076041 0.442119
0.00815479 12924.5 1.60276 93.3656 -0.050276 -4.69404 0.00808565 0.471012
0.00815479 20483.9 1.75512 102.421 -0.0502749 -5.14921 0.00864311 0.504374
0.00815479 32464.8 1.90499 111.35 -0.0502742 -5.59802 0.00920946 0.538308
0.00815479 51453.2 2.02579 118.592 -0.0502738 -5.96209 0.00962882 0.563684
0.00815479 81547.9 2.13184 124.981 -0.0502735 -6.28322 0.00996564 0.584241
0.0129245 1.29245 0.306688 8.56477 -0.0805943 -0.690271 0.00710573 0.198439
0.0129245 2.04839 0.358939 10.3462 -0.0696634 -0.720753 0.00651397 0.187761
0.0129245 3.24648 0.413088 12.4779 -0.0627664 -0.783191 0.00630512 0.190454
0.0129245 5.14532 0.464271 14.6659 -0.0584148 -0.856702 0.00612771 0.193568
0.0129245 8.15479 0.512367 16.7635 -0.055669 -0.93321 0.00598227 0.195727
0.0129245 12.9245 0.557283 18.7141 -0.0539366 -1.00937 0.00586837 0.197065
0.0129245 20.4839 0.599496 20.5207 -0.0528435 -1.08438 0.00575941 0.197144
0.0129245 32.4648 0.642161 22.2958 -0.0521538 -1.16281 0.00568402 0.197349
0.0129245 51.4532 0.68316 23.9757 -0.0517186 -1.23999 0.00564948 0.19827
0.0129245 81.5479 0.721383 25.5292 -0.051444 -1.31333 0.00563403 0.199384
0.0129245 129.245 0.757199 26.9751 -0.0512708 -1.38304 0.00563392 0.200708
0.0129245 204.839 0.790928 28.3299 -0.0511615 -1.4494 0.00564524 0.202204
0.0129245 324.648 0.823033 29.614 -0.0510925 -1.51305 0.00566513 0.20384
0.0129245 514.532 0.854072 30.8504 -0.051049 -1.57488 0.00569138 0.205582
0.0129245 815.479 0.885177 32.0825 -0.0510215 -1.6369 0.00572357 0.207446
0.0129245 1292.45 0.919492 33.4264 -0.0510042 -1.70489 0.00576454 0.209559
0.0129245 2048.39 0.958811 34.9496 -0.0509933 -1.7822 0.00581533 0.211975
0.0129245 3246.48 1.01237 36.9918 -0.0509864 -1.88608 0.00589331 0.215341
0.0129245 5145.32 1.08155 39.608 -0.050982 -2.0193 0.00600939 0.220072
0.0129245 8154.79 1.17537 43.1319 -0.0509793 -2.19883 0.00620273 0.227617
0.0129245 12924.5 1.28255 47.1538 -0.0509776 -2.40379 0.0064653 0.237702
0.0129245 20483.9 1.39782 51.4822 -0.0509765 -2.62438 0.00678155 0.249767
0.0129245 32464.8 1.51051 55.7233 -0.0509758 -2.84054 0.00711015 0.262297
0.0129245 51453.2 1.59953 59.0976 -0.0509753 -3.01252 0.00734323 0.271309
0.0129245 81547.9 1.67643 62.0274 -0.0509751 -3.16185 0.00752044 0.278254
0.0204839 1.29245 0.303535 5.36559 -0.0822494 -0.441316 0.00735577 0.130028
0.0204839 2.04839 0.341696 6.23145 -0.0710941 -0.443019 0.00673044 0.122742
0.0204839 3.24648 0.386827 7.39076 -0.0640555 -0.473419 0.00639261 0.122138
0.0204839 5.14532 0.428003 8.55005 -0.0596144 -0.509706 0.0060943 0.121744
0.0204839 8.15479 0.465553 9.63042 -0.0568123 -0.547126 0.00584563 0.120922
0.0204839 12.9245 0.499699 10.6071 -0.0550443 -0.583858 0.00564535 0.119833
0.0204839 20.4839 0.530347 11.4729 -0.0539287 -0.618721 0.00547203 0.118376
0.0204839 32.4648 0.560916 12.3059 -0.0532249 -0.654982 0.00533389 0.11702
0.0204839 51.4532 0.590165 13.086 -0.0527808 -0.690687 0.00523759 0.116135
0.0204839 81.5479 0.616882 13.7914 -0.0525005 -0.724058 0.00516647 0.115505
0.0204839 129.245 0.641474 14.4355 -0.0523237 -0.755319 0.00511494 0.115105
0.0204839 204.839 0.664266 15.0286 -0.0522122 -0.784675 0.00507803 0.114887
0.0204839 324.648 0.685683 15.5828 -0.0521418 -0.812514 0.00505182 0.114807
0.0204839 514.532 0.706214 16.111 -0.0520974 -0.83934 0.00503313 0.114822
0.0204839 815.479 0.726808 16.6363 -0.0520694 -0.866243 0.00501978 0.114901
0.0204839 1292.45 0.749997 17.218 -0.0520517 -0.896225 0.00500971 0.11501
0.0204839 2048.39 0.777218 17.8903 -0.0520405 -0.931021 0.00500098 0.115115
0.0204839 3246.48 0.815767 18.8228 -0.0520335 -0.979418 0.00499494 0.115252
0.0204839 5145.32 0.866624 20.0402 -0.0520291 -1.04267 0.00499732 0.115561
0.0204839 8154.79 0.936694 21.7043 -0.0520263 -1.12919 0.00502653 0.116471
0.0204839 12924.5 1.01692 23.6072 -0.0520245 -1.22815 0.00509276 0.118225
0.0204839 20483.9 1.10286 25.6465 -0.0520234 -1.33422 0.00519428 0.120791
0.0204839 32464.8 1.1863 27.6313 -0.0520227 -1.43745 0.00531415 0.123778
0.0204839 51453.2 1.2507 29.1753 -0.0520222 -1.51776 0.00539285 0.1258
0.0204839 81547.9 1.30526 30.4911 -0.0520219 -1.5862 0.00544455 0.127185
0.0324648 1.29245 0.303928 3.40868 -0.0846143 -0.288423 0.00731212 0.0820083
0.0324648 2.04839 0.328991 3.80356 -0.0731382 -0.278186 0.00669989 0.0774595
0.0324648 3.24648 0.365122 4.42127 -0.0658973 -0.29135 0.00613348 0.0742705
0.0324648 5.14532 0.396588 5.02035 -0.0613285 -0.30789 0.00569996 0.0721549
0.0324648 8.15479 0.424204 5.55933 -0.0584458 -0.32492 0.00537299 0.0704148
0.0324648 12.9245 0.448479 6.02943 -0.056627 -0.341429 0.00512909 0.0689565
0.0324648 20.4839 0.46902 6.42436 -0.0554793 -0.356419 0.00494191 0.0676914
0.0324648 32.4648 0.489183 6.7936 -0.0547552 -0.371985 0.0047948 0.0665885
0.0324648 51.4532 0.508408 7.13441 -0.0542984 -0.387387 0.00468714 0.0657739
0.0324648 81.5479 0.52551 7.43394 -0.0540101 -0.401508 0.00460629 0.0651612
0.0324648 129.245 0.540894 7.70056 -0.0538282 -0.414507 0.0045445 0.0646988
0.0324648 204.839 0.554864 7.94065 -0.0537135 -0.42652 0.00449601 0.0643424
0.0324648 324.648 0.56779 8.16107 -0.053641 -0.437768 0.00445648 0.0640547
0.0324648 514.532 0.580085 8.36885 -0.0535954 -0.448531 0.00442245 0.0638024
0.0324648 815.479 0.592532 8.57615 -0.0535665 -0.459395 0.00439095 0.0635534
0.0324648 1292.45 0.607145 8.81287 -0.0535483 -0.471915 0.00435723 0.0632464
0.0324648 2048.39 0.625063 9.0963 -0.0535369 -0.486987 0.00431806 0.0628391
0.0324648 3246.48 0.652008 9.51051 -0.0535296 -0.509094 0.00426527 0.0622154
0.0324648 5145.32 0.68864 10.0662 -0.0535251 -0.538793 0.00420186 0.0614207
0.0324648 8154.79 0.740204 10.8411 -0.0535222 -0.580237 0.0041327 0.0605278
0.0324648 12924.5 0.799471 11.7302 -0.0535204 -0.627805 0.0040782 0.0598372
0.0324648 20483.9 0.862704 12.6792 -0.0535192 -0.678579 0.00404634 0.0594692
0.0324648 32464.8 0.923652 13.5961 -0.0535185 -0.727641 0.00403604 0.0594102
0.0324648 51453.2 0.969438 14.2908 -0.053518 -0.764816 0.00402362 0.0593136
0.0324648 81547.9 1.00732 14.8695 -0.0535177 -0.795783 0.00400602 0.0591346
0.0514532 1.29245 0.307356 2.19956 -0.0877136 -0.192932 0.00624367 0.0446822
0.0514532 2.04839 0.321356 2.36659 -0.0758172 -0.179428 0.00579073 0.0426452
0.0514532 3.24648 0.34768 2.68033 -0.068311 -0.183096 0.00523713 0.0403741
0.0514532 5.14532 0.369355 2.97613 -0.0635749 -0.189207 0.00488293 0.0393449
0.0514532 8.15479 0.387482 3.2312 -0.0605866 -0.195767 0.00465194 0.0387924
0.0514532 12.9245 0.402719 3.44348 -0.0587011 -0.202136 0.00449681 0.0384504
0.0514532 20.4839 0.414594 3.61 -0.0575115 -0.207616 0.0043793 0.0381319
0.0514532 32.4648 0.426025 3.75927 -0.0567608 -0.21338 0.00428507 0.0378117
0.0514532 51.4532 0.436891 3.89379 -0.0562872 -0.219171 0.00421401 0.0375574
0.0514532 81.5479 0.446173 4.00708 -0.0559884 -0.22435 0.00415412 0.0373082
0.0514532 129.245 0.454223 4.1041 -0.0557998 -0.229008 0.00410117 0.0370558
0.0514532 204.839 0.461297 4.18849 -0.0556809 -0.233219 0.00405243 0.0367952
0.0514532 324.648 0.467699 4.26397 -0.0556058 -0.237101 0.0040061 0.0365232
0.0514532 514.532 0.47376 4.33424 -0.0555585 -0.240804 0.00396088 0.0362365
0.0514532 815.479 0.48011 4.4056 -0.0555286 -0.244637 0.00391549 0.0359294
0.0514532 1292.45 0.488337 4.49305 -0.0555097 -0.249408 0.00386663 0.0355757
0.0514532 2048.39 0.499338 4.60522 -0.0554978 -0.25558 0.00381226 0.0351591
0.0514532 3246.48 0.517579 4.78374 -0.0554903 -0.265451 0.00374526 0.0346157
0.0514532 5145.32 0.543484 5.03305 -0.0554856 -0.279261 0.00366815 0.0339697
0.0514532 8154.79 0.581014 5.39032 -0.0554826 -0.299069 0.00358346 0.0332453
0.0514532 12924.5 0.624403 5.80251 -0.0554807 -0.321927 0.00350909 0.0326096
0.0514532 20483.9 0.670518 6.24069 -0.0554795 -0.346231 0.00345331 0.0321409
0.0514532 32464.8 0.714618 6.66071 -0.0554788 -0.369528 0.00341753 0.0318536
0.0514532 51453.2 0.746701 6.9691 -0.0554783 -0.386634 0.003388 0.0316209
0.0514532 81547.9 0.772476 7.21874 -0.055478 -0.400481 0.00335935 0.0313929
0.0815479 1.29245 0.30879 1.42713 -0.0909957 -0.129863 0.00534642 0.0247095
0.0815479 2.04839 0.314297 1.48857 -0.0786541 -0.117082 0.00506979 0.0240114
0.0815479 3.24648 0.330602 1.63646 -0.070867 -0.115971 0.0047568 0.0235458
0.0815479 5.14532 0.342977 1.77321 -0.0659537 -0.11695 0.00455387 0.0235439
0.0815479 8.15479 0.352516 1.88467 -0.0628536 -0.118458 0.00439724 0.0235091
0.0815479 12.9245 0.359873 1.97099 -0.0608976 -0.120028 0.00426219 0.0233436
0.0815479 20.4839 0.364621 2.03168 -0.0596634 -0.121217 0.0041297 0.0230108
0.0815479 32.4648 0.369029 2.08197 -0.0588847 -0.122596 0.00400538 0.0225974
0.0815479 51.4532 0.3732 2.1249 -0.0583934 -0.12408 0.00389447 0.0221741
0.0815479 81.5479 0.376354 2.15777 -0.0580834 -0.125331 0.00379058 0.0217328
0.0815479 129.245 0.378763 2.18334 -0.0578878 -0.126389 0.00369373 0.0212922
0.0815479 204.839 0.380624 2.20358 -0.0577644 -0.127288 0.00360372 0.0208633
0.0815479 324.648 0.382168 2.22041 -0.0576865 -0.128088 0.00352018 0.0204524
0.0815479 514.532 0.383648 2.23572 -0.0576374 -0.128861 0.00344261 0.0200619
0.0815479 815.479 0.38556 2.25269 -0.0576064 -0.129769 0.00337037 0.0196919
0.0815479 1292.45 0.389149 2.27884 -0.0575868 -0.131231 0.00330164 0.0193343
0.0815479 2048.39 0.395111 2.31845 -0.0575745 -0.133484 0.0032351 0.0189831
0.0815479 3246.48 0.406924 2.39214 -0.0575667 -0.137707 0.00316747 0.0186202
0.0815479 5145.32 0.42484 2.50161 -0.0575618 -0.143997 0.00310071 0.0182581
0.0815479 8154.79 0.451833 2.66462 -0.0575587 -0.153372 0.00303897 0.0179218
0.0815479 12924.5 0.483299 2.85419 -0.0575567 -0.164278 0.0029926 0.0176733
0.0815479 20483.9 0.516613 3.05491 -0.0575555 -0.175827 0.0029654 0.0175355
0.0815479 32464.8 0.548186 3.24554 -0.0575547 -0.186796 0.00295534 0.0174972
0.0815479 51453.2 0.570259 3.38005 -0.0575542 -0.194536 0.00294471 0.0174539
0.0815479 81547.9 0.587314 3.48483 -0.0575539 -0.200566 0.00293248 0.0173999
0.129245 1.29245 0.299165 0.912643 -0.0921034 -0.0840575 0.0047878 0.0146058
0.129245 2.04839 0.298644 0.92418 -0.0796115 -0.0735754 0.00446832 0.0138276
0.129245 3.24648 0.306462 0.986068 -0.0717297 -0.0707303 0.00420905 0.013543
0.129245 5.14532 0.31099 1.04227 -0.0667566 -0.069578 0.0039798 0.0133381
0.129245 8.15479 0.313335 1.0835 -0.0636187 -0.0689312 0.00377584 0.0130568
0.129245 12.9245 0.31415 1.11062 -0.0616389 -0.0684571 0.0035963 0.012714
0.129245 20.4839 0.313195 1.12448 -0.0603897 -0.0679067 0.00343991 0.0123504
0.129245 32.4648 0.31209 1.13279 -0.0596015 -0.0675162 0.00330055 0.01198
0.129245 51.4532 0.311021 1.13781 -0.0591042 -0.0672494 0.00317888 0.0116293
0.129245 81.5479 0.309458 1.13868 -0.0587904 -0.0669432 0.00307402 0.0113111
0.129245 129.245 0.307596 1.13682 -0.0585924 -0.0666091 0.00298341 0.0110261
0.129245 204.839 0.305572 1.13324 -0.0584675 -0.0662579 0.00290482 0.0107728
0.129245 324.648 0.30355 1.12888 -0.0583887 -0.0659141 0.00283625 0.0105478
0.129245 514.532 0.301711 1.12464 -0.058339 -0.0656105 0.00277593 0.0103474
0.129245 815.479 0.30043 1.12207 -0.0583076 -0.0654254 0.00272232 0.0101676
0.129245 1292.45 0.300661 1.12486 -0.0582878 -0.0655654 0.00267366 0.0100029
0.129245 2048.39 0.302929 1.13505 -0.0582753 -0.0661456 0.00262869 0.00984954
0.129245 3246.48 0.309887 1.1627 -0.0582674 -0.0677475 0.00258604 0.00970283
0.129245 5145.32 0.321658 1.20834 -0.0582624 -0.070401 0.00254741 0.00956964
0.129245 8154.79 0.340412 1.28023 -0.0582593 -0.0745853 0.00251748 0.00946779
0.129245 12924.5 0.362532 1.36482 -0.0582573 -0.079511 0.00250192 0.00941897
0.129245 20483.9 0.385845 1.45398 -0.0582561 -0.0847029 0.00250216 0.00942887
0.129245 32464.8 0.407696 1.53768 -0.0582553 -0.0895779 0.0025143 0.00948299
0.129245 51453.2 0.422181 1.59362 -0.0582548 -0.0928362 0.00252135 0.00951744
0.129245 81547.9 0.432749 1.63478 -0.0582545 -0.0952332 0.00252451 0.00953672
0.204839 1.29245 0.268463 0.561849 -0.0835748 -0.0469564 0.0041416 0.00866767
0.204839 2.04839 0.264177 0.548271 -0.0722397 -0.0396069 0.0039632 0.00822521
0.204839 3.24648 0.2649 0.563521 -0.0650877 -0.0366783 0.00366813 0.00780321
0.204839 5.14532 0.262736 0.576936 -0.0605751 -0.034948 0.00341964 0.00750913
0.204839 8.15479 0.258979 0.583095 -0.0577278 -0.0336608 0.00321125 0.00723017
0.204839 12.9245 0.254355 0.582829 -0.0559313 -0.0325983 0.00303631 0.00695739
0.204839 20.4839 0.248936 0.577344 -0.0547977 -0.0316372 0.00289358 0.00671092
0.204839 32.4648 0.243687 0.569918 -0.0540825 -0.0308226 0.00276711 0.00647152
0.204839 51.4532 0.238731 0.561632 -0.0536313 -0.030121 0.00265444 0.00624475
0.204839 81.5479 0.233799 0.552376 -0.0533466 -0.0294674 0.00255668 0.00604043
0.204839 129.245 0.228998 0.542745 -0.0531669 -0.0288561 0.00247062 0.00585557
0.204839 204.839 0.224397 0.533128 -0.0530536 -0.0282844 0.00239402 0.00568779
0.204839 324.648 0.220086 0.523887 -0.052982 -0.0277566 0.0023252 0.00553487
0.204839 514.532 0.21617 0.515368 -0.0529369 -0.027282 0.00226285 0.00539483
0.204839 815.479 0.212898 0.50823 -0.0529084 -0.0268897 0.00220602 0.00526622
0.204839 1292.45 0.210935 0.504108 -0.0528905 -0.0266625 0.00215416 0.00514817
0.204839 2048.39 0.210639 0.503895 -0.0528791 -0.0266455 0.0021068 0.00503994
0.204839 3246.48 0.213871 0.512072 -0.052872 -0.0270743 0.00206468 0.00494346
0.204839 5145.32 0.220649 0.528716 -0.0528675 -0.0279519 0.00202913 0.00486217
0.204839 8154.79 0.232414 0.557305 -0.0528646 -0.0294617 0.00200473 0.00480714
0.204839 12924.5 0.246522 0.591522 -0.0528628 -0.0312695 0.00199308 0.00478234
0.204839 20483.9 0.261295 0.627349 -0.0528617 -0.0331627 0.00199326 0.00478566
0.204839 32464.8 0.274936 0.660469 -0.052861 -0.034913 0.00200103 0.00480701
0.204839 51453.2 0.283301 0.68092 -0.0528605 -0.0359938 0.00200094 0.00480931
0.204839 81547.9 0.288844 0.694582 -0.0528602 -0.0367158 0.00199578 0.00479924
0.324648 1.29245 0.204912 0.317558 -0.0442255 -0.0140442 0.00338179 0.00524086
0.324648 2.04839 0.198067 0.290866 -0.0382273 -0.011119 0.00322705 0.00473901
0.324648 3.24648 0.192044 0.279571 -0.0344426 -0.00962917 0.00283175 0.00412237
0.324648 5.14532 0.184435 0.270654 -0.0320547 -0.00867572 0.00253056 0.00371353
0.324648 8.15479 0.17636 0.26117 -0.030548 -0.00797823 0.00229673 0.00340121
0.324648 12.9245 0.168391 0.251132 -0.0295973 -0.00743282 0.00211248 0.00315047
0.324648 20.4839 0.160748 0.240957 -0.0289975 -0.00698715 0.00197112 0.00295466
0.324648 32.4648 0.153726 0.231279 -0.028619 -0.00661898 0.00185176 0.00278595
0.324648 51.4532 0.147266 0.222158 -0.0283802 -0.00630488 0.0017474 0.00263602
0.324648 81.5479 0.141272 0.213545 -0.0282296 -0.00602829 0.00165916 0.00250798
0.324648 129.245 0.135739 0.205503 -0.0281345 -0.00578172 0.00158328 0.00239701
0.324648 204.839 0.130658 0.198055 -0.0280745 -0.00556031 0.00151727 0.00229994
0.324648 324.648 0.126035 0.191243 -0.0280367 -0.0053618 0.00145936 0.00221439
0.324648 514.532 0.121895 0.185119 -0.0280128 -0.00518569 0.00140821 0.00213861
0.324648 815.479 0.11835 0.179867 -0.0279977 -0.00503587 0.00136298 0.00207144
0.324648 1292.45 0.115758 0.176039 -0.0279882 -0.00492703 0.0013236 0.00201288
0.324648 2048.39 0.114302 0.173925 -0.0279822 -0.0048668 0.00128996 0.00196283
0.324648 3246.48 0.115009 0.17509 -0.0279784 -0.00489873 0.00126438 0.00192489
0.324648 5145.32 0.117835 0.179475 -0.027976 -0.00502101 0.00124836 0.00190139
0.324648 8154.79 0.123511 0.188201 -0.0279745 -0.00526483 0.00124737 0.00190069
0.324648 12924.5 0.130485 0.198906 -0.0279736 -0.00556411 0.00126014 0.00192091
0.324648 20483.9 0.137702 0.209983 -0.027973 -0.00587386 0.00128385 0.00195776
0.324648 32464.8 0.144212 0.219985 -0.0279726 -0.00615354 0.00131251 0.00200213
0.324648 51453.2 0.147709 0.22539 -0.0279724 -0.0063047 0.00132924 0.00202828
0.324648 81547.9 0.149582 0.228314 -0.0279722 -0.00638646 0.00133891 0.00204364
0.514532 1.29245 0.11001 0.145004 0.0830265 0.0120391 0.00157441 0.00207523
0.514532 2.04839 0.0983944 0.113432 0.0717658 0.00814054 0.00148105 0.0017074
0.514532 3.24648 0.0878305 0.0940819 0.0646607 0.0060834 0.00141209 0.0015126
0.514532 5.14532 0.0784369 0.0806863 0.0601777 0.00485551 0.00136876 0.00140802
0.514532 8.15479 0.0703938 0.0706369 0.0573491 0.00405096 0.00132239 0.00132696
0.514532 12.9245 0.0636384 0.062854 0.0555643 0.00349244 0.00126976 0.00125411
0.514532 20.4839 0.0579985 0.0567099 0.0544383 0.00308719 0.00121479 0.0011878
0.514532 32.4648 0.053273 0.0517637 0.0537278 0.00278115 0.00116059 0.00112771
0.514532 51.4532 0.049213 0.0476372 0.0532795 0.00253808 0.00110827 0.00107278
0.514532 81.5479 0.0456907 0.0441293 0.0529966 0.0023387 0.00105889 0.0010227
0.514532 129.245 0.0426142 0.0411071 0.0528181 0.0021712 0.00101289 0.000977067
0.514532 204.839 0.0399143 0.038479 0.0527055 0.00202805 0.000970341 0.000935448
0.514532 324.648 0.0375458 0.036187 0.0526345 0.00190468 0.00093119 0.000897491
0.514532 514.532 0.0354809 0.0341964 0.0525896 0.00179838 0.000895335 0.000862922
0.514532 815.479 0.0337254 0.0325084 0.0525613 0.00170868 0.000862841 0.000831704
0.514532 1292.45 0.0323692 0.0312071 0.0525435 0.00163973 0.000834254 0.000804303
0.514532 2048.39 0.0314541 0.0303318 0.0525322 0.0015934 0.000809871 0.000780975
0.514532 3246.48 0.0312666 0.0301584 0.0525251 0.00158407 0.000792059 0.000763986
0.514532 5145.32 0.0317677 0.0306493 0.0525207 0.00160972 0.000781441 0.000753931
0.514532 8154.79 0.0331323 0.0319736 0.0525178 0.00167919 0.000781219 0.000753901
0.514532 12924.5 0.0348725 0.0336609 0.052516 0.00176774 0.000788714 0.000761312
0.514532 20483.9 0.0366244 0.0353599 0.0525149 0.00185692 0.000801074 0.000773415
0.514532 32464.8 0.0381365 0.0368276 0.0525142 0.00193397 0.000814508 0.000786552
0.514532 51453.2 0.0387405 0.0374184 0.0525138 0.00196498 0.000819159 0.000791202
0.514532 81547.9 0.0388491 0.0375304 0.0525135 0.00197085 0.000818758 0.000790964
0.815479 1.29245 0.031848 0.043896 0.4477 0.0196522 0.000889503 0.001226
0.815479 2.04839 0.0201661 0.0215838 0.386979 0.00835247 0.000786637 0.000841937
0.815479 3.24648 0.0125174 0.0109779 0.348667 0.00382761 0.00065131 0.000571206
0.815479 5.14532 0.00792821 0.00609653 0.324493 0.00197828 0.000544523 0.00041872
0.815479 8.15479 0.00523947 0.00377719 0.309241 0.00116806 0.000473564 0.000341398
0.815479 12.9245 0.00367849 0.00251537 0.299617 0.000753648 0.000427357 0.000292229
0.815479 20.4839 0.00274344 0.00180334 0.293545 0.000529362 0.000395408 0.000259914
0.815479 32.4648 0.002156 0.00137919 0.289714 0.000399569 0.000371456 0.000237619
0.815479 51.4532 0.0017639 0.00110827 0.287296 0.0003184 0.000351813 0.000221046
0.815479 81.5479 0.00148854 0.000924494 0.285771 0.000264193 0.000334821 0.000207949
0.815479 129.245 0.00128644 0.000793146 0.284809 0.000225895 0.000319749 0.00019714
0.815479 204.839 0.00113248 0.000695054 0.284201 0.000197535 0.000306203 0.00018793
0.815479 324.648 0.00101205 0.000619414 0.283818 0.000175801 0.000293928 0.000179895
0.815479 514.532 0.00091628 0.000559868 0.283576 0.000158766 0.000282739 0.00017276
0.815479 815.479 0.000839703 0.000512589 0.283424 0.00014528 0.000272458 0.00016632
0.815479 1292.45 0.000782137 0.000477203 0.283328 0.000135205 0.000262805 0.000160345
0.815479 2048.39 0.00074284 0.000453118 0.283267 0.000128353 0.000253603 0.000154693
0.815479 3246.48 0.000727282 0.000443594 0.283229 0.000125638 0.000244452 0.0001491
0.815479 5145.32 0.000733 0.000447092 0.283205 0.000126618 0.000235491 0.000143637
0.815479 8154.79 0.000762009 0.000464823 0.283189 0.000131633 0.000226843 0.000138373
0.815479 12924.5 0.000800387 0.000488289 0.28318 0.000138274 0.000219268 0.000133768
0.815479 20483.9 0.000836167 0.000510183 0.283174 0.00014447 0.000213205 0.000130086
0.815479 32464.8 0.000864303 0.000527422 0.28317 0.00014935 0.000208511 0.000127239
0.815479 51453.2 0.000868225 0.000529888 0.283167 0.000150047 0.000204869 0.000125034
0.815479 81547.9 0.000858667 0.000524125 0.283166 0.000148414 0.000201818 0.000123189
