1.29245e-05 1.29245 0.926709 25035.8 0.000134199 3.35977 0.032616 881.147
1.29245e-05 2.04839 1.09476 30672.4 0.000133065 4.08141 0.0314235 880.407
1.29245e-05 3.24648 1.40489 41517.4 0.000132349 5.49478 0.0313813 927.383
1.29245e-05 5.14532 1.80047 55983.9 0.000131897 7.38412 0.0323665 1006.41
1.29245e-05 8.15479 2.26411 73262.2 0.000131612 9.64219 0.0342396 1107.93
1.29245e-05 12.9245 2.78653 92860.9 0.000131432 12.2049 0.0368485 1227.97
1.29245e-05 20.4839 3.3699 114743 0.000131319 15.0679 0.0402184 1369.4
1.29245e-05 32.4648 4.01167 138770 0.000131247 18.2132 0.0443307 1533.47
1.29245e-05 51.4532 4.70312 164622 0.000131202 21.5988 0.0488522 1709.96
1.29245e-05 81.5479 5.44304 192251 0.000131174 25.2183 0.0536835 1896.13
1.29245e-05 129.245 6.22735 221520 0.000131156 29.0536 0.0587509 2089.89
1.29245e-05 204.839 7.05352 252350 0.000131144 33.0942 0.0640078 2289.97
1.29245e-05 324.648 7.92154 284752 0.000131137 37.3416 0.0694422 2496.21
1.29245e-05 514.532 8.83331 318807 0.000131133 41.8061 0.0750676 2709.31
1.29245e-05 815.479 9.79855 354879 0.00013113 46.5352 0.0809726 2932.62
1.29245e-05 1292.45 10.8592 394503 0.000131128 51.7304 0.0875226 3179.6
1.29245e-05 2048.39 12.0384 438541 0.000131127 57.5045 0.0949229 3457.91
1.29245e-05 3246.48 13.4845 492438 0.000131126 64.5715 0.104402 3812.64
1.29245e-05 5145.32 15.2437 557941 0.000131126 73.1604 0.116249 4254.86
1.29245e-05 8154.79 17.5014 641906 0.000131125 84.1702 0.131855 4836.1
1.29245e-05 12924.5 20.1124 739081 0.000131125 96.9121 0.14983 5505.87
1.29245e-05 20483.9 23.0582 848834 0.000131125 111.303 0.169673 6246.12
1.29245e-05 32464.8 26.1215 963192 0.000131125 126.299 0.189722 6995.73
1.29245e-05 51453.2 28.967 1.06976e+06 0.000131125 140.273 0.207021 7645.38
1.29245e-05 81547.9 31.7314 1.17355e+06 0.000131125 153.881 0.223033 8248.61
2.04839e-05 1.29245 0.828957 14164.1 0.000195104 2.76348 0.0223443 381.789
2.04839e-05 2.04839 0.992193 17575.9 0.000193455 3.40015 0.0215266 381.328
2.04839e-05 3.24648 1.27963 23897.4 0.000192414 4.59821 0.0217344 405.898
2.04839e-05 5.14532 1.63819 32174.9 0.000191758 6.1698 0.0228902 449.578
2.04839e-05 8.15479 2.05245 41935 0.000191344 8.024 0.0248346 507.413
2.04839e-05 12.9245 2.51404 52887.7 0.000191082 10.1059 0.0273877 576.152
2.04839e-05 20.4839 3.02698 65051.3 0.000190917 12.4194 0.0305602 656.753
2.04839e-05 32.4648 3.58956 78361.4 0.000190813 14.9524 0.034313 749.065
2.04839e-05 51.4532 4.19112 92574.2 0.000190747 17.6583 0.038334 846.728
2.04839e-05 81.5479 4.83051 107661 0.000190706 20.5316 0.0425471 948.276
2.04839e-05 129.245 5.50425 123547 0.00019068 23.5579 0.0468967 1052.63
2.04839e-05 204.839 6.21018 140190 0.000190663 26.7291 0.0513504 1159.19
2.04839e-05 324.648 6.94836 157598 0.000190653 30.0465 0.0559035 1267.96
2.04839e-05 514.532 7.72052 175816 0.000190646 33.5187 0.0605715 1379.37
2.04839e-05 815.479 8.53511 195044 0.000190642 37.1836 0.0654293 1495.19
2.04839e-05 1292.45 9.42821 216115 0.00019064 41.2001 0.0707736 1622.28
2.04839e-05 2048.39 10.4198 239498 0.000190638 45.6575 0.0767729 1764.63
2.04839e-05 3246.48 11.6365 268129 0.000190637 51.1154 0.0844164 1945.12
2.04839e-05 5145.32 13.1171 302926 0.000190636 57.7488 0.0939425 2169.51
2.04839e-05 8154.79 15.0181 347547 0.000190636 66.255 0.106477 2464.07
2.04839e-05 12924.5 17.2133 399112 0.000190636 76.0849 0.120902 2803.26
2.04839e-05 20483.9 19.684 457206 0.000190635 87.1596 0.136815 3177.86
2.04839e-05 32464.8 22.2458 517564 0.000190635 98.6659 0.152873 3556.68
2.04839e-05 51453.2 24.6105 573463 0.000190635 109.322 0.166675 3883.8
2.04839e-05 81547.9 26.8985 627682 0.000190635 119.658 0.179414 4186.68
3.24648e-05 1.29245 0.742839 8027.47 0.000283652 2.27701 0.0157959 170.698
3.24648e-05 2.04839 0.901373 10095.1 0.000281254 2.83927 0.0150479 168.531
3.24648e-05 3.24648 1.1672 13774.8 0.000279741 3.85336 0.0152942 180.495
3.24648e-05 5.14532 1.49136 18501.5 0.000278786 5.15796 0.016451 204.087
3.24648e-05 8.15479 1.86043 24001.3 0.000278184 6.67676 0.0183224 236.375
3.24648e-05 12.9245 2.267 30105.2 0.000277804 8.36335 0.0206983 274.869
3.24648e-05 20.4839 2.71647 36845.7 0.000277564 10.227 0.0235717 319.722
3.24648e-05 32.4648 3.20782 44193.5 0.000277413 12.2598 0.0268941 370.515
3.24648e-05 51.4532 3.72916 51978.9 0.000277317 14.4147 0.0303831 423.496
3.24648e-05 81.5479 4.27949 60185.5 0.000277257 16.6869 0.0339826 477.921
3.24648e-05 129.245 4.85586 68773.8 0.000277219 19.0654 0.0376512 533.255
3.24648e-05 204.839 5.4565 77721.5 0.000277195 21.544 0.0413675 589.231
3.24648e-05 324.648 6.08152 87034 0.00027718 24.1241 0.0451319 645.893
3.24648e-05 514.532 6.73253 96737.8 0.000277171 26.8129 0.0489605 703.499
3.24648e-05 815.479 7.41686 106942 0.000277164 29.6405 0.0529158 762.979
3.24648e-05 1292.45 8.16551 118098 0.000277161 32.732 0.0572384 827.837
3.24648e-05 2048.39 8.99565 130461 0.000277158 36.1582 0.062066 900.119
3.24648e-05 3246.48 10.0153 145608 0.000277157 40.3562 0.0681952 991.459
3.24648e-05 5145.32 11.2564 164021 0.000277156 45.4594 0.0758225 1104.84
3.24648e-05 8154.79 12.851 187644 0.000277155 52.0066 0.0858582 1253.66
3.24648e-05 12924.5 14.6898 214904 0.000277155 59.5617 0.0974041 1424.97
3.24648e-05 20483.9 16.754 245537 0.000277155 68.0517 0.110126 1613.95
3.24648e-05 32464.8 18.888 277270 0.000277154 76.8465 0.122943 1804.76
3.24648e-05 51453.2 20.8448 306467 0.000277154 84.9387 0.13391 1968.79
3.24648e-05 81547.9 22.7301 334668 0.000277154 92.7546 0.143997 2120.14
5.14532e-05 1.29245 0.667303 4560.6 0.000412385 1.88072 0.0121032 82.7176
5.14532e-05 2.04839 0.821154 5814.34 0.000408898 2.37747 0.0111894 79.2284
5.14532e-05 3.24648 1.06632 7952.21 0.000406699 3.23416 0.0112847 84.1568
5.14532e-05 5.14532 1.35848 10644.9 0.000405311 4.31448 0.0122706 96.1507
5.14532e-05 8.15479 1.6862 13735.4 0.000404435 5.55508 0.0139237 113.419
5.14532e-05 12.9245 2.04305 17126.8 0.000403883 6.91722 0.0160116 134.225
5.14532e-05 20.4839 2.43541 20849.2 0.000403534 8.41335 0.0185061 158.428
5.14532e-05 32.4648 2.86281 24890.1 0.000403314 10.0385 0.0213547 185.665
5.14532e-05 51.4532 3.31274 29137.9 0.000403175 11.7477 0.0243083 213.809
5.14532e-05 81.5479 3.78435 33583.6 0.000403088 13.5371 0.0273217 242.462
5.14532e-05 129.245 4.27521 38206.4 0.000403033 15.3984 0.030364 271.355
5.14532e-05 204.839 4.78388 42995.4 0.000402998 17.327 0.0334204 300.367
5.14532e-05 324.648 5.31057 47954.2 0.000402976 19.3244 0.0364934 329.535
5.14532e-05 514.532 5.85676 53098.4 0.000402962 21.3966 0.0395982 359.004
5.14532e-05 815.479 6.42883 58487.5 0.000402953 23.5677 0.0427862 389.255
5.14532e-05 1292.45 7.05334 64365.8 0.000402948 25.936 0.0462513 422.069
5.14532e-05 2048.39 7.74505 70871.7 0.000402944 28.5573 0.0501057 458.496
5.14532e-05 3246.48 8.59572 78850.5 0.000402942 31.7722 0.0549881 504.419
5.14532e-05 5145.32 9.63167 88552.9 0.000402941 35.6815 0.0610601 561.382
5.14532e-05 8154.79 10.9638 101009 0.00040294 40.7007 0.0690565 636.216
5.14532e-05 12924.5 12.4979 115363 0.000402939 46.4842 0.078258 722.369
5.14532e-05 20483.9 14.2154 131450 0.000402939 52.9662 0.0883882 817.323
5.14532e-05 32464.8 15.9856 148063 0.000402939 59.6603 0.0985771 913.045
5.14532e-05 51453.2 17.5976 163245 0.000402938 65.7776 0.107249 994.903
5.14532e-05 81547.9 19.1436 177843 0.000402938 71.6596 0.115193 1070.14
8.15479e-05 1.29245 0.601456 2599.59 0.00059954 1.55856 0.0104209 45.0408
8.15479e-05 2.04839 0.750536 3359.75 0.000594472 1.99728 0.00926288 41.465
8.15479e-05 3.24648 0.975845 4598.69 0.000591274 2.71908 0.00909355 42.8535
8.15479e-05 5.14532 1.2382 6128.24 0.000589256 3.61111 0.00976507 48.3303
8.15479e-05 8.15479 1.5281 7859.46 0.000587983 4.62123 0.0110726 56.9496
8.15479e-05 12.9245 1.8401 9737.36 0.00058718 5.71758 0.0127835 67.647
8.15479e-05 20.4839 2.18116 11785.2 0.000586673 6.91404 0.0148467 80.2191
8.15479e-05 32.4648 2.55126 13998.3 0.000586353 8.20793 0.0172053 94.4021
8.15479e-05 51.4532 2.93775 16305.8 0.000586152 9.55766 0.0196409 109.015
8.15479e-05 81.5479 3.33997 18703.1 0.000586024 10.9604 0.0221119 123.822
8.15479e-05 129.245 3.75593 21179.7 0.000585944 12.4101 0.0245922 138.675
8.15479e-05 204.839 4.18452 23730.2 0.000585893 13.9034 0.0270695 153.51
8.15479e-05 324.648 4.62602 26357.4 0.000585861 15.4418 0.0295465 168.345
8.15479e-05 514.532 5.08182 29070.2 0.000585841 17.0305 0.0320356 183.257
8.15479e-05 815.479 5.55746 31901.5 0.000585828 18.6888 0.0345787 198.492
8.15479e-05 1292.45 6.07564 34982.8 0.00058582 20.4936 0.0373303 214.943
8.15479e-05 2048.39 6.64902 38389 0.000585815 22.4889 0.0403805 233.143
8.15479e-05 3246.48 7.35528 42571.8 0.000585812 24.9391 0.0442391 256.052
8.15479e-05 5145.32 8.21604 47661.1 0.00058581 27.9203 0.0490386 284.472
8.15479e-05 8154.79 9.32408 54200.9 0.000585809 31.7513 0.0553695 321.862
8.15479e-05 12924.5 10.5983 61725.8 0.000585808 36.1595 0.0626618 364.95
8.15479e-05 20483.9 12.0212 70136.7 0.000585808 41.0866 0.0706895 412.434
8.15479e-05 32464.8 13.4829 78795.2 0.000585807 46.1588 0.0787528 460.237
8.15479e-05 51453.2 14.8043 86650.8 0.000585807 50.7607 0.0855749 500.877
8.15479e-05 81547.9 16.0654 94168.2 0.000585807 55.1644 0.0917946 538.059
0.000129245 1.29245 0.544536 1488.39 0.00087163 1.29733 0.0098067 26.8048
0.000129245 2.04839 0.688639 1948.84 0.000864262 1.68431 0.00848719 24.0186
0.000129245 3.24648 0.894776 2664.47 0.000859613 2.29042 0.00807057 24.0326
0.000129245 5.14532 1.12936 3530.43 0.000856679 3.02444 0.00838714 26.2186
0.000129245 8.15479 1.3847 4496.76 0.000854828 3.84396 0.00929268 30.1776
0.000129245 12.9245 1.65629 5532.68 0.00085366 4.72303 0.0105886 35.3701
0.000129245 20.4839 1.95136 6654.5 0.000852924 5.67578 0.0122085 41.6332
0.000129245 32.4648 2.27024 7860.94 0.000852459 6.70113 0.0140909 48.7913
0.000129245 51.4532 2.60055 9108.44 0.000852165 7.7619 0.0160454 56.199
0.000129245 81.5479 2.94176 10394.7 0.00085198 8.85607 0.0180291 63.7058
0.000129245 129.245 3.29234 11714.6 0.000851863 9.97921 0.0200166 71.2215
0.000129245 204.839 3.65142 13065.6 0.00085179 11.1292 0.0219954 78.7047
0.000129245 324.648 4.01937 14449.8 0.000851743 12.3075 0.0239665 86.1601
0.000129245 514.532 4.39749 15872.3 0.000851714 13.5186 0.025939 93.6241
0.000129245 815.479 4.7906 17351.1 0.000851695 14.7778 0.0279463 101.219
0.000129245 1292.45 5.21804 18957 0.000851684 16.1454 0.0301093 109.387
0.000129245 2048.39 5.69063 20730.5 0.000851676 17.6557 0.0325001 118.395
0.000129245 3246.48 6.27393 22912 0.000851672 19.5135 0.035521 129.72
0.000129245 5145.32 6.98558 25568.4 0.000851669 21.7758 0.0392825 143.781
0.000129245 8154.79 7.90288 28985.8 0.000851667 24.6862 0.0442588 162.33
0.000129245 12924.5 8.95637 32912.5 0.000851666 28.0305 0.0500026 183.748
0.000129245 20483.9 10.1295 37289.3 0.000851665 31.758 0.0563284 207.36
0.000129245 32464.8 11.3306 41780 0.000851665 35.5826 0.0626759 231.108
0.000129245 51453.2 12.408 45823.4 0.000851664 39.0261 0.0680138 251.178
0.000129245 81547.9 13.431 49672.8 0.000851664 42.3046 0.0728568 269.452
0.000204839 1.29245 0.495878 857.126 0.00126719 1.08614 0.0095186 16.4529
0.000204839 2.04839 0.634671 1135.46 0.00125647 1.42668 0.00816241 14.603
0.000204839 3.24648 0.822226 1547.13 0.00124971 1.93347 0.00759226 14.2858
0.000204839 5.14532 1.03092 2035.47 0.00124545 2.53508 0.00762217 15.0494
0.000204839 8.15479 1.25472 2572.71 0.00124276 3.19726 0.00816624 16.7443
0.000204839 12.9245 1.48997 3141.78 0.00124106 3.89914 0.00907695 19.1399
0.000204839 20.4839 1.74391 3753.46 0.00123999 4.65425 0.0102884 22.144
0.000204839 32.4648 2.01712 4407.78 0.00123931 5.46262 0.0117399 25.6537
0.000204839 51.4532 2.29781 5078.65 0.00123889 6.29187 0.0132683 29.3256
0.000204839 81.5479 2.58559 5764.98 0.00123862 7.14062 0.0148288 33.0633
0.000204839 129.245 2.87927 6464.37 0.00123845 8.00579 0.016395 36.8091
0.000204839 204.839 3.17824 7175.79 0.00123834 8.88608 0.0179533 40.5348
0.000204839 324.648 3.48293 7900.56 0.00123827 9.78306 0.0195023 44.2384
0.000204839 514.532 3.79455 8641.74 0.00123823 10.7005 0.0210482 47.9354
0.000204839 815.479 4.1173 9409.24 0.0012382 11.6506 0.022616 51.6842
0.000204839 1292.45 4.46762 10241 0.00123819 12.6803 0.0242987 55.6993
0.000204839 2048.39 4.85472 11158.8 0.00123818 13.8165 0.0261529 60.1136
0.000204839 3246.48 5.33371 12290.1 0.00123817 15.2172 0.0284927 65.6535
0.000204839 5145.32 5.91892 13669.3 0.00123817 16.9248 0.0314108 72.5408
0.000204839 8154.79 6.67446 15446 0.00123816 19.1247 0.0352878 81.663
0.000204839 12924.5 7.54106 17484.9 0.00123816 21.6491 0.039779 92.2327
0.000204839 20483.9 8.50327 19750.9 0.00123816 24.4547 0.044733 103.903
0.000204839 32464.8 9.4851 22067.7 0.00123816 27.3234 0.0497031 115.638
0.000204839 51453.2 10.3585 24137 0.00123816 29.8855 0.0538583 125.498
0.000204839 81547.9 11.1832 26096.3 0.00123816 32.3113 0.0576097 134.434
0.000324648 1.29245 0.454875 497.193 0.00184223 0.915943 0.00917456 10.0281
0.000324648 2.04839 0.587879 664.873 0.00182665 1.21449 0.00787962 8.91161
0.000324648 3.24648 0.757384 900.488 0.00181683 1.63603 0.00724467 8.61351
0.000324648 5.14532 0.941947 1174.65 0.00181063 2.12685 0.00709293 8.84517
0.000324648 8.15479 1.137 1471.98 0.00180671 2.65946 0.00737134 9.54305
0.000324648 12.9245 1.33966 1783.16 0.00180425 3.21725 0.00797608 10.6166
0.000324648 20.4839 1.55691 2114.94 0.00180269 3.81258 0.00885131 12.0238
0.000324648 32.4648 1.78954 2467.8 0.00180171 4.44626 0.00994143 13.7094
0.000324648 51.4532 2.02655 2826.47 0.00180109 5.09072 0.0111122 15.4984
0.000324648 81.5479 2.26767 3190.46 0.0018007 5.74505 0.0123196 17.3327
0.000324648 129.245 2.51203 3558.7 0.00180045 6.40725 0.0135364 19.1764
0.000324648 204.839 2.75923 3930.83 0.00180029 7.07665 0.0147487 21.0111
0.000324648 324.648 3.00973 4307.74 0.00180019 7.75476 0.0159531 22.8331
0.000324648 514.532 3.26467 4691.22 0.00180013 8.44481 0.0171527 24.6479
0.000324648 815.479 3.52771 5086.71 0.00180009 9.15656 0.0183654 26.4817
0.000324648 1292.45 3.81275 5514.52 0.00180007 9.92651 0.019661 28.4364
0.000324648 2048.39 4.12764 5986.26 0.00180005 10.7756 0.0210833 30.5769
0.000324648 3246.48 4.51851 6569.33 0.00180004 11.8251 0.0228736 33.2553
0.000324648 5145.32 4.99693 7281.26 0.00180004 13.1065 0.0251112 36.5907
0.000324648 8154.79 5.6158 8199.98 0.00180003 14.7602 0.0281008 41.0317
0.000324648 12924.5 6.32478 9252.86 0.00180003 16.6554 0.0315844 46.2065
0.000324648 20483.9 7.10965 10419.5 0.00180003 18.7555 0.0354406 51.9399
0.000324648 32464.8 7.9076 11608.1 0.00180003 20.8949 0.0393133 57.7107
0.000324648 51453.2 8.61123 12660.5 0.00180003 22.7892 0.042533 62.5333
0.000324648 81547.9 9.27157 13651 0.00180003 24.5722 0.0454252 66.882
0.000514532 1.29245 0.420936 290.938 0.00267815 0.779176 0.00864716 5.97666
0.000514532 2.04839 0.547521 391.442 0.00265551 1.03948 0.00748194 5.34909
0.000514532 3.24648 0.699491 525.488 0.00264123 1.38793 0.0068418 5.13986
0.000514532 5.14532 0.86161 678.618 0.00263221 1.78627 0.00659837 5.19699
0.000514532 8.15479 1.03055 842.367 0.00262653 2.2125 0.00671137 5.48586
0.000514532 12.9245 1.20405 1011.66 0.00262294 2.65352 0.00710277 5.96782
0.000514532 20.4839 1.38867 1190.58 0.00262067 3.12012 0.00772838 6.62597
0.000514532 32.4648 1.58534 1379.67 0.00261924 3.61369 0.00853896 7.43115
0.000514532 51.4532 1.78407 1570.18 0.00261834 4.11128 0.00942631 8.29622
0.000514532 81.5479 1.98462 1761.91 0.00261777 4.61228 0.0103512 9.18963
0.000514532 129.245 2.1864 1954.42 0.00261742 5.11552 0.0112884 10.0907
0.000514532 204.839 2.38918 2147.63 0.00261719 5.62077 0.0122242 10.9883
0.000514532 324.648 2.59348 2342.14 0.00261705 6.12948 0.0131539 11.8791
0.000514532 514.532 2.80032 2538.98 0.00261696 6.64441 0.0140782 12.7644
0.000514532 815.479 3.0129 2741.16 0.0026169 7.17334 0.0150096 13.6558
0.000514532 1292.45 3.24297 2959.48 0.00261686 7.74454 0.0159984 14.5999
0.000514532 2048.39 3.49715 3200.15 0.00261684 8.37428 0.017078 15.6276
0.000514532 3246.48 3.81392 3498.63 0.00261683 9.15531 0.0184295 16.906
0.000514532 5145.32 4.20252 3863.79 0.00261682 10.1108 0.0201224 18.5005
0.000514532 8154.79 4.70641 4336.03 0.00261681 11.3466 0.0224015 20.6385
0.000514532 12924.5 5.28302 4876.56 0.00261681 12.761 0.0250811 23.1515
0.000514532 20483.9 5.91937 5473.64 0.00261681 14.3235 0.0280654 25.9521
0.000514532 32464.8 6.56385 6079.61 0.0026168 15.9092 0.0310706 28.7784
0.000514532 51453.2 7.1268 6611.21 0.0026168 17.3002 0.0335566 31.1289
0.000514532 81547.9 7.65165 7108.34 0.0026168 18.6011 0.0357784 33.2379
0.000815479 1.29245 0.393441 171.949 0.00389324 0.669439 0.00793869 3.46952
0.000815479 2.04839 0.512814 231.754 0.00386033 0.894647 0.00695053 3.14112
0.000815479 3.24648 0.647805 307.492 0.00383956 1.18063 0.00634227 3.01047
0.000815479 5.14532 0.789117 392.54 0.00382646 1.50204 0.00607215 3.02054
0.000815479 8.15479 0.934398 482.23 0.00381819 1.84125 0.00610018 3.14822
0.000815479 12.9245 1.08193 573.824 0.00381298 2.18798 0.00636054 3.37344
0.000815479 20.4839 1.23761 669.682 0.00380969 2.55128 0.00681687 3.68868
0.000815479 32.4648 1.40256 770.287 0.00380761 2.93295 0.00742504 4.07784
0.000815479 51.4532 1.56785 870.752 0.0038063 3.31434 0.00809907 4.49806
0.000815479 81.5479 1.73327 970.971 0.00380547 3.695 0.00880786 4.93412
0.000815479 129.245 1.89845 1070.8 0.00380495 4.07435 0.00952898 5.37472
0.000815479 204.839 2.06331 1170.28 0.00380462 4.45247 0.0102502 5.81375
0.000815479 324.648 2.22838 1269.78 0.00380442 4.83076 0.0109666 6.24898
0.000815479 514.532 2.39461 1369.91 0.00380428 5.21153 0.0116775 6.6805
0.000815479 815.479 2.56478 1472.32 0.0038042 5.60101 0.0123905 7.11282
0.000815479 1292.45 2.74877 1582.75 0.00380415 6.02102 0.0131407 7.56644
0.000815479 2048.39 2.95216 1704.5 0.00380412 6.48411 0.0139525 8.0558
0.000815479 3246.48 3.20689 1856.14 0.0038041 7.06095 0.0149592 8.6584
0.000815479 5145.32 3.52029 2042.13 0.00380408 7.76844 0.0162224 9.41065
0.000815479 8154.79 3.92787 2283.29 0.00380407 8.68579 0.017939 10.428
0.000815479 12924.5 4.39378 2559 0.00380407 9.7346 0.0199835 11.6387
0.000815479 20483.9 4.90631 2862.57 0.00380407 10.8894 0.0222821 13.0004
0.000815479 32464.8 5.42329 3169.42 0.00380406 12.0567 0.0246083 14.3813
0.000815479 51453.2 5.87026 3435.92 0.00380406 13.0705 0.0265243 15.5249
0.000815479 81547.9 6.28397 3683.39 0.00380406 14.0118 0.0282279 16.546
0.00129245 1.29245 0.371702 102.715 0.0056593 0.581295 0.00711122 1.96509
0.00129245 2.04839 0.4829 137.946 0.00561146 0.774081 0.00632857 1.80783
0.00129245 3.24648 0.601575 180.417 0.00558127 1.00696 0.00577709 1.73259
0.00129245 5.14532 0.723713 227.368 0.00556223 1.26467 0.00552557 1.73596
0.00129245 8.15479 0.84768 276.211 0.00555021 1.53303 0.00552567 1.8005
0.00129245 12.9245 0.972173 325.471 0.00554263 1.80396 0.00571549 1.91347
0.00129245 20.4839 1.10229 376.449 0.00553784 2.08471 0.00606423 2.07102
0.00129245 32.4648 1.23936 429.545 0.00553482 2.37746 0.00653248 2.26407
0.00129245 51.4532 1.37559 482.092 0.00553292 2.66738 0.00705238 2.4716
0.00129245 81.5479 1.51073 534.023 0.00553172 2.95406 0.00760056 2.68669
0.00129245 129.245 1.6446 585.317 0.00553096 3.23737 0.0081592 2.90388
0.00129245 204.839 1.77724 636.039 0.00553048 3.5176 0.00871813 3.12005
0.00129245 324.648 1.90917 686.423 0.00553018 3.79604 0.00927252 3.33385
0.00129245 514.532 2.04129 736.831 0.00552999 4.07467 0.00982097 3.54502
0.00129245 815.479 2.176 788.163 0.00552987 4.35844 0.010368 3.75536
0.00129245 1292.45 2.32158 843.451 0.00552979 4.66411 0.0109363 3.97327
0.00129245 2048.39 2.4827 904.449 0.00552975 5.00137 0.0115433 4.20522
0.00129245 3246.48 2.68576 980.837 0.00552972 5.42375 0.0122844 4.48625
0.00129245 5145.32 2.93653 1074.83 0.0055297 5.94349 0.0132145 4.83678
0.00129245 8154.79 3.26381 1197.09 0.00552968 6.61956 0.0144934 5.31586
0.00129245 12924.5 3.63758 1336.73 0.00552968 7.39171 0.0160432 5.89554
0.00129245 20483.9 4.04738 1489.96 0.00552967 8.239 0.0178086 6.5559
0.00129245 32464.8 4.45895 1644.18 0.00552967 9.09179 0.0196081 7.23025
0.00129245 51453.2 4.81084 1776.67 0.00552967 9.82441 0.0210846 7.78666
0.00129245 81547.9 5.13394 1898.74 0.00552967 10.4994 0.02239 8.28071
0.00204839 1.29245 0.354912 62.0102 0.00822568 0.510076 0.00625361 1.09263
0.00204839 2.04839 0.456808 82.4821 0.00815614 0.672736 0.00567792 1.02521
0.00204839 3.24648 0.560014 106.115 0.00811227 0.860832 0.00520421 0.986126
0.00204839 5.14532 0.664633 131.876 0.00808458 1.06616 0.00500144 0.992378
0.00204839 8.15479 0.769524 158.313 0.00806712 1.27713 0.00500846 1.03039
0.00204839 12.9245 0.873686 184.636 0.0080561 1.48745 0.00516474 1.09147
0.00204839 20.4839 0.981314 211.517 0.00804914 1.70253 0.00544366 1.17335
0.00204839 32.4648 1.09397 239.279 0.00804475 1.92494 0.00581438 1.27175
0.00204839 51.4532 1.20506 266.506 0.00804199 2.14324 0.00622284 1.37622
0.00204839 81.5479 1.31422 293.143 0.00804024 2.35694 0.00665243 1.48386
0.00204839 129.245 1.42143 319.215 0.00803914 2.56622 0.00708974 1.59216
0.00204839 204.839 1.52682 344.783 0.00803844 2.77151 0.00752674 1.69967
0.00204839 324.648 1.63091 369.992 0.008038 2.974 0.00795923 1.80565
0.00204839 514.532 1.73454 395.055 0.00803773 3.17534 0.00838564 1.9099
0.00204839 815.479 1.83977 420.463 0.00803755 3.37949 0.00880749 2.01288
0.00204839 1292.45 1.9535 447.814 0.00803744 3.59928 0.00923891 2.1179
0.00204839 2048.39 2.07966 478.032 0.00803737 3.84212 0.00969188 2.22778
0.00204839 3246.48 2.23991 516.137 0.00803733 4.14837 0.0102329 2.35795
0.00204839 5145.32 2.43875 563.221 0.0080373 4.52677 0.0109106 2.51976
0.00204839 8154.79 2.6994 624.707 0.00803728 5.02094 0.011855 2.74352
0.00204839 12924.5 2.99686 694.869 0.00803727 5.58485 0.0130241 3.01983
0.00204839 20483.9 3.32183 771.584 0.00803726 6.20143 0.0143776 3.33958
0.00204839 32464.8 3.64671 848.444 0.00803726 6.81917 0.0157696 3.66896
0.00204839 51453.2 3.92109 913.688 0.00803726 7.34354 0.0169062 3.93947
0.00204839 81547.9 4.17077 973.27 0.00803726 7.82242 0.017904 4.178
0.00324648 1.29245 0.342156 37.7965 0.0119541 0.451823 0.00546184 0.603345
0.00324648 2.04839 0.433488 49.4719 0.011853 0.586393 0.0050489 0.576206
0.00324648 3.24648 0.522312 62.5302 0.0117893 0.737186 0.00467404 0.559567
0.00324648 5.14532 0.611121 76.5823 0.0117491 0.89977 0.00453507 0.56831
0.00324648 8.15479 0.699073 90.805 0.0117237 1.06457 0.00456102 0.592447
0.00324648 12.9245 0.785397 104.773 0.0117077 1.22665 0.00469725 0.626622
0.00324648 20.4839 0.873312 118.807 0.0116976 1.38976 0.00492185 0.66958
0.00324648 32.4648 0.964696 133.162 0.0116912 1.55682 0.00521733 0.720176
0.00324648 51.4532 1.05413 147.115 0.0116872 1.71935 0.00554125 0.773341
0.00324648 81.5479 1.1411 160.613 0.0116846 1.87671 0.00588066 0.827719
0.00324648 129.245 1.22573 173.693 0.011683 2.02926 0.00622557 0.882204
0.00324648 204.839 1.30819 186.403 0.011682 2.17756 0.00656962 0.936099
0.00324648 324.648 1.38902 198.834 0.0116814 2.32265 0.00690916 0.989023
0.00324648 514.532 1.46897 211.107 0.011681 2.46594 0.00724234 1.0408
0.00324648 815.479 1.54984 223.493 0.0116807 2.61056 0.00756893 1.09147
0.00324648 1292.45 1.63734 236.829 0.0116805 2.76629 0.00789683 1.14222
0.00324648 2048.39 1.73473 251.599 0.0116804 2.93879 0.00823381 1.1942
0.00324648 3246.48 1.85972 270.391 0.0116804 3.15827 0.00862566 1.25411
0.00324648 5145.32 2.01575 293.736 0.0116803 3.43093 0.00911423 1.32813
0.00324648 8154.79 2.2214 324.372 0.0116803 3.78877 0.009805 1.43174
0.00324648 12924.5 2.45595 359.307 0.0116803 4.19681 0.0106805 1.56256
0.00324648 20483.9 2.71126 397.361 0.0116803 4.64129 0.0117119 1.71648
0.00324648 32464.8 2.96524 435.3 0.0116803 5.08443 0.0127824 1.87647
0.00324648 51453.2 3.17682 467.079 0.0116803 5.45562 0.0136501 2.00693
0.00324648 81547.9 3.3674 495.814 0.0116803 5.79125 0.0144042 2.12086
0.00514532 1.29245 0.332484 23.2206 0.0173684 0.403305 0.00482902 0.337258
0.00514532 2.04839 0.41194 29.7142 0.0172216 0.511725 0.00447255 0.322615
0.00514532 3.24648 0.487751 36.8929 0.0171289 0.631936 0.00421126 0.318534
0.00514532 5.14532 0.562501 44.5202 0.0170705 0.759981 0.00412884 0.326785
0.00514532 8.15479 0.635543 52.1248 0.0170336 0.887874 0.0041622 0.341368
0.00514532 12.9245 0.706304 59.4807 0.0170103 1.01179 0.00427214 0.359774
0.00514532 20.4839 0.777004 66.7199 0.0169956 1.13395 0.00444114 0.381353
0.00514532 32.4648 0.849915 74.0424 0.0169864 1.25771 0.00466879 0.406733
0.00514532 51.4532 0.920778 81.0967 0.0169805 1.37707 0.00492281 0.433572
0.00514532 81.5479 0.988894 87.8358 0.0169768 1.49118 0.00518963 0.460954
0.00514532 129.245 1.05447 94.2922 0.0169745 1.60056 0.00546117 0.488346
0.00514532 204.839 1.11775 100.501 0.0169731 1.70581 0.00573172 0.515359
0.00514532 324.648 1.17926 106.519 0.0169721 1.80786 0.00599759 0.541745
0.00514532 514.532 1.23967 112.417 0.0169715 1.90788 0.00625648 0.567352
0.00514532 815.479 1.30054 118.34 0.0169712 2.00837 0.00650736 0.592125
0.00514532 1292.45 1.36659 124.727 0.0169709 2.11673 0.00675409 0.616438
0.00514532 2048.39 1.44049 131.829 0.0169708 2.23724 0.00700134 0.640741
0.00514532 3246.48 1.53661 140.972 0.0169707 2.39239 0.00727924 0.667812
0.00514532 5145.32 1.65755 152.408 0.0169706 2.58647 0.0076224 0.700866
0.00514532 8154.79 1.81804 167.51 0.0169706 2.84275 0.00811495 0.747695
0.00514532 12924.5 2.00105 184.724 0.0169706 3.13487 0.00875503 0.808209
0.00514532 20483.9 2.19947 203.4 0.0169706 3.45182 0.00952278 0.880638
0.00514532 32464.8 2.3958 221.921 0.0169706 3.76613 0.0103268 0.956563
0.00514532 51453.2 2.55687 237.206 0.0169706 4.02552 0.0109705 1.01775
0.00514532 81547.9 2.70026 250.87 0.0169705 4.25741 0.0115217 1.07043
0.00815479 1.29245 0.325159 14.3582 0.0252256 0.362193 0.00444803 0.196413
0.00815479 2.04839 0.391559 17.8522 0.0250123 0.446525 0.00401074 0.18286
0.00815479 3.24648 0.455957 21.7914 0.0248778 0.542122 0.00383806 0.183431
0.00815479 5.14532 0.518383 25.9159 0.0247929 0.642529 0.0037695 0.188451
0.00815479 8.15479 0.578391 29.9564 0.0247393 0.741101 0.00377612 0.195575
0.00815479 12.9245 0.635617 33.7955 0.0247055 0.834936 0.00384045 0.204196
0.00815479 20.4839 0.691333 37.4744 0.0246842 0.925025 0.00394505 0.213845
0.00815479 32.4648 0.748265 41.1461 0.0246707 1.0151 0.00410438 0.225695
0.00815479 51.4532 0.803265 44.6522 0.0246622 1.10122 0.00429604 0.23881
0.00815479 81.5479 0.855415 47.9526 0.0246569 1.18236 0.00450059 0.252293
0.00815479 129.245 0.905011 51.0733 0.0246535 1.25913 0.00471019 0.265814
0.00815479 204.839 0.952347 54.0389 0.0246514 1.33213 0.00491888 0.279112
0.00815479 324.648 0.997912 56.8838 0.02465 1.40219 0.00512264 0.292005
0.00815479 514.532 1.04233 59.6485 0.0246492 1.47029 0.00531878 0.304374
0.00815479 815.479 1.08693 62.413 0.0246486 1.5384 0.0055058 0.316152
0.00815479 1292.45 1.13556 65.4029 0.0246483 1.61207 0.00568439 0.327393
0.00815479 2048.39 1.19044 68.7496 0.0246481 1.69455 0.00585663 0.338228
0.00815479 3246.48 1.26311 73.1254 0.0246479 1.80239 0.00604127 0.349747
0.00815479 5145.32 1.3555 78.6498 0.0246479 1.93855 0.00626506 0.363516
0.00815479 8154.79 1.47916 86.0017 0.0246478 2.11975 0.00659151 0.383245
0.00815479 12924.5 1.6202 94.3815 0.0246478 2.32629 0.00702911 0.409466
0.00815479 20483.9 1.7725 103.435 0.0246478 2.54945 0.00756603 0.44152
0.00815479 32464.8 1.92231 112.362 0.0246477 2.76947 0.00813447 0.475473
0.00815479 51453.2 2.0431 119.606 0.0246477 2.94802 0.00858158 0.502378
0.00815479 81547.9 2.14918 125.997 0.0246477 3.10554 0.00895634 0.525071
0.0129245 1.29245 0.320135 8.94029 0.0366154 0.327352 0.00438751 0.122528
0.0129245 2.04839 0.372749 10.7443 0.0363059 0.390081 0.00381955 0.110096
0.0129245 3.24648 0.427354 12.9088 0.0361106 0.466143 0.00362119 0.109383
0.0129245 5.14532 0.479023 15.1319 0.0359874 0.544556 0.00348674 0.110143
0.0129245 8.15479 0.527618 17.2625 0.0359096 0.619891 0.00342116 0.111933
0.0129245 12.9245 0.573034 19.243 0.0358606 0.690064 0.00341837 0.114792
0.0129245 20.4839 0.615743 21.0768 0.0358296 0.755174 0.00345184 0.118156
0.0129245 32.4648 0.658899 22.8769 0.0358101 0.819223 0.00354032 0.122919
0.0129245 51.4532 0.700377 24.58 0.0357978 0.879909 0.00367115 0.12884
0.0129245 81.5479 0.739069 26.1551 0.03579 0.936091 0.0038168 0.135074
0.0129245 129.245 0.775342 27.6215 0.0357851 0.988436 0.00396849 0.141377
0.0129245 204.839 0.809514 28.9956 0.035782 1.03752 0.00411954 0.147556
0.0129245 324.648 0.842049 30.2982 0.03578 1.08407 0.00426557 0.153482
0.0129245 514.532 0.873505 31.5524 0.0357788 1.12891 0.00440362 0.159066
0.0129245 815.479 0.905008 32.8013 0.035778 1.17357 0.0045317 0.164248
0.0129245 1292.45 0.939695 34.1608 0.0357775 1.22219 0.00464864 0.168993
0.0129245 2048.39 0.979351 35.6984 0.0357772 1.27719 0.00475459 0.17331
0.0129245 3246.48 1.03318 37.7522 0.035777 1.35066 0.00485797 0.17751
0.0129245 5145.32 1.10256 40.3772 0.0357769 1.44457 0.0049778 0.182294
0.0129245 8154.79 1.19646 43.9057 0.0357768 1.57081 0.00515816 0.189286
0.0129245 12924.5 1.30365 47.9297 0.0357768 1.71477 0.00541487 0.199082
0.0129245 20483.9 1.41889 52.2581 0.0357767 1.86963 0.00574394 0.211551
0.0129245 32464.8 1.53153 56.499 0.0357767 2.02135 0.00610036 0.225045
0.0129245 51453.2 1.62058 59.8753 0.0357767 2.14214 0.00637429 0.23551
0.0129245 81547.9 1.69754 62.8084 0.0357767 2.24708 0.0065968 0.24408
0.0204839 1.29245 0.318615 5.63215 0.0530977 0.299054 0.00455886 0.0805868
0.0204839 2.04839 0.357585 6.5212 0.0526489 0.343334 0.0039624 0.0722616
0.0204839 3.24648 0.403585 7.71093 0.0523656 0.403788 0.00360915 0.0689566
0.0204839 5.14532 0.445628 8.90213 0.0521869 0.464575 0.00335646 0.0670508
0.0204839 8.15479 0.484025 10.0125 0.0520742 0.521394 0.00320068 0.0662091
0.0204839 12.9245 0.518987 11.0165 0.0520031 0.572891 0.00312587 0.0663525
0.0204839 20.4839 0.550418 11.9071 0.0519582 0.618673 0.00309164 0.0668812
0.0204839 32.4648 0.581735 12.7627 0.0519298 0.662765 0.00310794 0.0681852
0.0204839 51.4532 0.611703 13.5635 0.051912 0.70411 0.00317161 0.0703254
0.0204839 81.5479 0.639108 14.2884 0.0519007 0.741576 0.00325171 0.0726975
0.0204839 129.245 0.66436 14.9505 0.0518936 0.775835 0.0033391 0.0751419
0.0204839 204.839 0.687783 15.5606 0.0518891 0.807428 0.00342708 0.0775355
0.0204839 324.648 0.709805 16.131 0.0518863 0.836975 0.00351136 0.079799
0.0204839 514.532 0.730912 16.6744 0.0518845 0.865145 0.00358913 0.0818795
0.0204839 815.479 0.752054 17.2142 0.0518834 0.89313 0.00365842 0.0837396
0.0204839 1292.45 0.775747 17.8091 0.0518826 0.923985 0.0037167 0.0853257
0.0204839 2048.39 0.803423 18.4935 0.0518822 0.959484 0.00376261 0.0866092
0.0204839 3246.48 0.842334 19.4358 0.0518819 1.00837 0.00379692 0.0876094
0.0204839 5145.32 0.893452 20.6606 0.0518817 1.07191 0.00383146 0.0886005
0.0204839 8154.79 0.963636 22.3286 0.0518816 1.15844 0.00389305 0.0902066
0.0204839 12924.5 1.04389 24.2332 0.0518815 1.25726 0.00400156 0.0928939
0.0204839 20483.9 1.12978 26.2726 0.0518815 1.36306 0.00415968 0.0967317
0.0204839 32464.8 1.21316 28.257 0.0518815 1.46602 0.0043423 0.101141
0.0204839 51453.2 1.27759 29.8026 0.0518815 1.5462 0.00447789 0.104456
0.0204839 81547.9 1.33222 31.1208 0.0518814 1.61459 0.00458197 0.107035
0.0324648 1.29245 0.322911 3.62155 0.0768838 0.278439 0.00471206 0.0528472
0.0324648 2.04839 0.349525 4.04094 0.0762339 0.308057 0.00419664 0.0485184
0.0324648 3.24648 0.387144 4.68792 0.0758238 0.355456 0.00370748 0.0448939
0.0324648 5.14532 0.420006 5.31678 0.0755651 0.401763 0.00336947 0.0426535
0.0324648 8.15479 0.448924 5.88329 0.0754018 0.443611 0.00314891 0.0412674
0.0324648 12.9245 0.474409 6.37804 0.0752988 0.480259 0.00301517 0.0405365
0.0324648 20.4839 0.49607 6.79487 0.0752338 0.511204 0.00292409 0.0400525
0.0324648 32.4648 0.517273 7.1837 0.0751928 0.540163 0.00287235 0.0398902
0.0324648 51.4532 0.537472 7.54227 0.0751669 0.566929 0.00286279 0.0401732
0.0324648 81.5479 0.555491 7.85804 0.0751506 0.590536 0.00287021 0.0406024
0.0324648 129.245 0.571736 8.13964 0.0751403 0.611615 0.0028869 0.0411
0.0324648 204.839 0.586518 8.39365 0.0751338 0.630647 0.00290725 0.0416057
0.0324648 324.648 0.600208 8.62702 0.0751297 0.648146 0.00292768 0.0420806
0.0324648 514.532 0.613222 8.8469 0.0751271 0.664642 0.00294578 0.0424985
0.0324648 815.479 0.62634 9.06548 0.0751255 0.681048 0.00295978 0.0428391
0.0324648 1292.45 0.641561 9.31243 0.0751244 0.699591 0.00296677 0.0430635
0.0324648 2048.39 0.660016 9.60496 0.0751238 0.721561 0.00296474 0.0431447
0.0324648 3246.48 0.68737 10.0263 0.0751234 0.753211 0.0029507 0.0430403
0.0324648 5145.32 0.724274 10.5871 0.0751231 0.795334 0.00293132 0.0428486
0.0324648 8154.79 0.775915 11.3641 0.075123 0.853703 0.00292192 0.0427946
0.0324648 12924.5 0.835136 12.2535 0.0751229 0.920518 0.00294181 0.0431635
0.0324648 20483.9 0.898234 13.2014 0.0751228 0.991723 0.00299644 0.0440388
0.0324648 32464.8 0.95903 14.1168 0.0751228 1.0605 0.00307363 0.0452436
0.0324648 51453.2 1.00478 14.8118 0.0751227 1.1127 0.0031274 0.0461021
0.0324648 81547.9 1.04267 15.3913 0.0751227 1.15624 0.00316382 0.0467026
0.0514532 1.29245 0.334179 2.39147 0.111058 0.265591 0.00467458 0.0334524
0.0514532 2.04839 0.350694 2.58261 0.110119 0.284395 0.00425928 0.0313666
0.0514532 3.24648 0.379229 2.92353 0.109527 0.320205 0.00367595 0.0283384
0.0514532 5.14532 0.402868 3.24615 0.109153 0.354327 0.00329108 0.0265183
0.0514532 8.15479 0.422748 3.52527 0.108917 0.383963 0.00304053 0.0253549
0.0514532 12.9245 0.439554 3.75844 0.108768 0.408799 0.00287912 0.0246181
0.0514532 20.4839 0.45283 3.94293 0.108674 0.428495 0.00276152 0.0240454
0.0514532 32.4648 0.465518 4.10776 0.108615 0.446165 0.00267388 0.0235945
0.0514532 51.4532 0.477534 4.25602 0.108578 0.462109 0.00261895 0.0233414
0.0514532 81.5479 0.487871 4.38157 0.108554 0.475638 0.00257892 0.0231613
0.0514532 129.245 0.496893 4.48964 0.108539 0.487302 0.002548 0.0230223
0.0514532 204.839 0.504863 4.58406 0.10853 0.497507 0.00252232 0.0229021
0.0514532 324.648 0.512092 4.66869 0.108524 0.506665 0.00249948 0.0227875
0.0514532 514.532 0.518914 4.74735 0.10852 0.515183 0.00247787 0.0226691
0.0514532 815.479 0.52596 4.82633 0.108518 0.523744 0.00245642 0.0225407
0.0514532 1292.45 0.534798 4.92052 0.108516 0.533957 0.00243319 0.022387
0.0514532 2048.39 0.546313 5.03845 0.108515 0.54675 0.00240673 0.0221965
0.0514532 3246.48 0.564898 5.22109 0.108515 0.566566 0.00237518 0.0219527
0.0514532 5145.32 0.590967 5.47277 0.108515 0.593875 0.0023432 0.0216997
0.0514532 8154.79 0.628406 5.82999 0.108514 0.632637 0.00232252 0.021547
0.0514532 12924.5 0.671547 6.24062 0.108514 0.677195 0.00232748 0.021629
0.0514532 20483.9 0.717307 6.67616 0.108514 0.724457 0.00236148 0.0219789
0.0514532 32464.8 0.761033 7.09333 0.108514 0.769726 0.00241578 0.0225166
0.0514532 51453.2 0.792898 7.40027 0.108514 0.803032 0.00245305 0.0228948
0.0514532 81547.9 0.818528 7.64909 0.108514 0.830033 0.00247801 0.0231569
0.0815479 1.29245 0.348254 1.60944 0.159803 0.257194 0.00394584 0.0182355
0.0815479 2.04839 0.357327 1.69231 0.158452 0.26815 0.00361126 0.017103
0.0815479 3.24648 0.376522 1.86372 0.1576 0.293722 0.00316742 0.0156782
0.0815479 5.14532 0.391309 2.02307 0.157062 0.317748 0.00293115 0.0151541
0.0815479 8.15479 0.402891 2.15397 0.156723 0.337577 0.00279236 0.0149288
0.0815479 12.9245 0.411986 2.2564 0.156509 0.353146 0.00269854 0.0147796
0.0815479 20.4839 0.418213 2.33029 0.156374 0.364396 0.00260962 0.0145408
0.0815479 32.4648 0.423884 2.39145 0.156288 0.373756 0.00252972 0.014272
0.0815479 51.4532 0.429167 2.44356 0.156235 0.381768 0.00246609 0.0140412
0.0815479 81.5479 0.433303 2.48428 0.156201 0.388047 0.00240659 0.0137979
0.0815479 129.245 0.436584 2.51664 0.156179 0.393048 0.00235095 0.0135518
0.0815479 204.839 0.439219 2.54281 0.156166 0.3971 0.00229881 0.0133087
0.0815479 324.648 0.441452 2.56485 0.156157 0.40052 0.00225005 0.0130728
0.0815479 514.532 0.44354 2.58474 0.156152 0.403612 0.00220456 0.0128471
0.0815479 815.479 0.445981 2.60571 0.156148 0.406878 0.00216239 0.0126341
0.0815479 1292.45 0.449995 2.63515 0.156146 0.411469 0.00212317 0.0124332
0.0815479 2048.39 0.456265 2.67729 0.156145 0.418046 0.00208647 0.0122431
0.0815479 3246.48 0.468175 2.7522 0.156144 0.42974 0.00205344 0.0120713
0.0815479 5145.32 0.485967 2.86155 0.156144 0.446813 0.00202805 0.0119419
0.0815479 8154.79 0.512521 3.02252 0.156143 0.471945 0.0020216 0.0119221
0.0815479 12924.5 0.543363 3.20891 0.156143 0.501049 0.0020415 0.0120564
0.0815479 20483.9 0.575932 3.40568 0.156143 0.531773 0.00208711 0.0123418
0.0815479 32464.8 0.606752 3.59229 0.156143 0.56091 0.00214882 0.0127221
0.0815479 51453.2 0.628287 3.72399 0.156143 0.581474 0.00219167 0.0129905
0.0815479 81547.9 0.644905 3.82654 0.156143 0.597487 0.0022224 0.0131866
0.129245 1.29245 0.355319 1.08382 0.228509 0.247662 0.00328433 0.0100181
0.129245 2.04839 0.359578 1.11266 0.226577 0.252103 0.00306581 0.00948667
0.129245 3.24648 0.370875 1.19326 0.225359 0.268912 0.00298063 0.00958998
0.129245 5.14532 0.378024 1.26689 0.22459 0.284529 0.0028692 0.00961565
0.129245 8.15479 0.382376 1.32222 0.224104 0.296315 0.00274353 0.00948688
0.129245 12.9245 0.384728 1.36011 0.223798 0.304391 0.00261498 0.00924463
0.129245 20.4839 0.384939 1.38205 0.223605 0.309033 0.00248775 0.00893179
0.129245 32.4648 0.384712 1.39638 0.223483 0.312068 0.00236581 0.00858713
0.129245 51.4532 0.384327 1.40598 0.223406 0.314105 0.00225636 0.00825443
0.129245 81.5479 0.383294 1.41035 0.223358 0.315014 0.00215905 0.00794439
0.129245 129.245 0.381836 1.4112 0.223327 0.315158 0.00207332 0.00766262
0.129245 204.839 0.380113 1.40969 0.223308 0.314794 0.00199824 0.00741068
0.129245 324.648 0.378304 1.40689 0.223296 0.314152 0.00193274 0.00718775
0.129245 514.532 0.376598 1.40379 0.223288 0.313449 0.00187569 0.00699173
0.129245 815.479 0.375373 1.40198 0.223283 0.313038 0.00182622 0.00682074
0.129245 1292.45 0.375553 1.40505 0.22328 0.313719 0.00178366 0.00667316
0.129245 2048.39 0.377646 1.41501 0.223278 0.315941 0.00174746 0.00654761
0.129245 3246.48 0.384196 1.44151 0.223277 0.321855 0.00171941 0.00645124
0.129245 5145.32 0.395313 1.48504 0.223276 0.331573 0.00170263 0.00639612
0.129245 8154.79 0.413064 1.55346 0.223276 0.34685 0.00170658 0.00641815
0.129245 12924.5 0.433984 1.63382 0.223275 0.364792 0.00173421 0.00652878
0.129245 20483.9 0.455985 1.71828 0.223275 0.38365 0.0017829 0.00671849
0.129245 32464.8 0.476541 1.79733 0.223275 0.4013 0.00184329 0.00695222
0.129245 51453.2 0.490009 1.84966 0.223275 0.412982 0.001886 0.00711915
0.129245 81547.9 0.499702 1.8877 0.223275 0.421476 0.00191764 0.00724419
0.204839 1.29245 0.344345 0.720452 0.323412 0.233003 0.00345927 0.00723763
0.204839 2.04839 0.345885 0.717713 0.320678 0.230155 0.00334248 0.00693568
0.204839 3.24648 0.35014 0.744762 0.318953 0.237544 0.00302209 0.00642812
0.204839 5.14532 0.350045 0.768599 0.317865 0.24431 0.00274887 0.00603573
0.204839 8.15479 0.347399 0.782136 0.317178 0.248076 0.00252167 0.0056773
0.204839 12.9245 0.343226 0.786445 0.316745 0.249102 0.00233496 0.00535016
0.204839 20.4839 0.337807 0.783443 0.316471 0.247937 0.00219279 0.00508551
0.204839 32.4648 0.332251 0.777037 0.316299 0.245776 0.00206676 0.00483354
0.204839 51.4532 0.326803 0.768821 0.31619 0.243093 0.00195397 0.00459681
0.204839 81.5479 0.321253 0.758991 0.316121 0.239933 0.00186063 0.00439593
0.204839 129.245 0.315749 0.74835 0.316078 0.236537 0.00178212 0.00422377
0.204839 204.839 0.310388 0.737427 0.316051 0.233064 0.00171541 0.00407552
0.204839 324.648 0.305276 0.726671 0.316033 0.229652 0.00165824 0.00394723
0.204839 514.532 0.300527 0.716483 0.316023 0.226425 0.00160892 0.0038358
0.204839 815.479 0.296391 0.707544 0.316016 0.223595 0.00156653 0.00373963
0.204839 1292.45 0.293496 0.701419 0.316011 0.221656 0.00153128 0.00365957
0.204839 2048.39 0.292183 0.698964 0.316009 0.220879 0.00150326 0.00359614
0.204839 3246.48 0.294192 0.704385 0.316007 0.22259 0.00148641 0.00355891
0.204839 5145.32 0.299533 0.717737 0.316006 0.226809 0.0014828 0.00355306
0.204839 8154.79 0.309539 0.742243 0.316005 0.234552 0.00150026 0.00359747
0.204839 12924.5 0.32173 0.771981 0.316005 0.24395 0.00153587 0.00368527
0.204839 20483.9 0.334522 0.803161 0.316004 0.253802 0.00158452 0.00380431
0.204839 32464.8 0.346245 0.831772 0.316004 0.262843 0.00163773 0.00393426
0.204839 51453.2 0.353031 0.848517 0.316004 0.268135 0.00167174 0.00401807
0.204839 81547.9 0.357174 0.858894 0.316004 0.271414 0.00169443 0.00407458
0.324648 1.29245 0.29464 0.45633 0.449904 0.205305 0.00298853 0.00462855
0.324648 2.04839 0.292748 0.429724 0.446101 0.1917 0.002944 0.0043215
0.324648 3.24648 0.288534 0.419919 0.443701 0.186319 0.00257816 0.00375213
0.324648 5.14532 0.280756 0.411925 0.442187 0.182148 0.00230563 0.00338282
0.324648 8.15479 0.271361 0.401809 0.441232 0.177291 0.00209628 0.003104
0.324648 12.9245 0.26142 0.389841 0.440629 0.171775 0.00193195 0.00288101
0.324648 20.4839 0.251495 0.376967 0.440249 0.165959 0.00180932 0.00271199
0.324648 32.4648 0.242079 0.364193 0.440009 0.160248 0.00170322 0.0025624
0.324648 51.4532 0.233204 0.351791 0.439857 0.154738 0.00160746 0.00242488
0.324648 81.5479 0.224837 0.339857 0.439762 0.149456 0.00152653 0.00230747
0.324648 129.245 0.217009 0.328539 0.439701 0.144459 0.00145678 0.00220549
0.324648 204.839 0.209725 0.317908 0.439663 0.139772 0.00139603 0.00211614
0.324648 324.648 0.202997 0.308022 0.439639 0.135419 0.00134277 0.00203749
0.324648 514.532 0.196844 0.298942 0.439624 0.131422 0.00129601 0.00196821
0.324648 815.479 0.191367 0.290837 0.439615 0.127856 0.00125543 0.00190798
0.324648 1292.45 0.186884 0.284205 0.439609 0.124939 0.00122224 0.00185874
0.324648 2048.39 0.183555 0.279301 0.439605 0.122782 0.00119714 0.0018216
0.324648 3246.48 0.1823 0.277535 0.439602 0.122005 0.00118553 0.00180486
0.324648 5145.32 0.183068 0.278833 0.439601 0.122575 0.0011886 0.00181037
0.324648 8154.79 0.186502 0.284184 0.4396 0.124927 0.00121298 0.00184829
0.324648 12924.5 0.19118 0.291427 0.439599 0.128111 0.00125186 0.00190828
0.324648 20483.9 0.196127 0.299076 0.439599 0.131473 0.00129888 0.00198067
0.324648 32464.8 0.200481 0.305819 0.439599 0.134438 0.00134614 0.00205343
0.324648 51453.2 0.20216 0.308476 0.439599 0.135606 0.00137357 0.00209594
0.324648 81547.9 0.202402 0.308937 0.439598 0.135808 0.0013899 0.00212148
0.514532 1.29245 0.184915 0.243452 0.607343 0.147859 0.00160712 0.00211588
0.514532 2.04839 0.173 0.199267 0.602209 0.12 0.00148786 0.00171377
0.514532 3.24648 0.159652 0.170909 0.598969 0.10237 0.0013207 0.00141383
0.514532 5.14532 0.146238 0.150368 0.596925 0.0897585 0.0011919 0.00122556
0.514532 8.15479 0.133817 0.134241 0.595636 0.0799585 0.00108581 0.00108925
0.514532 12.9245 0.122776 0.121241 0.594822 0.0721166 0.000996752 0.000984284
0.514532 20.4839 0.113185 0.110657 0.594308 0.0657643 0.000922061 0.000901466
0.514532 32.4648 0.104902 0.101922 0.593984 0.0605403 0.000858025 0.000833651
0.514532 51.4532 0.0976192 0.0944887 0.59378 0.0561055 0.000801712 0.000776002
0.514532 81.5479 0.0911891 0.0880699 0.593651 0.0522828 0.00075226 0.000726529
0.514532 129.245 0.0854904 0.0824654 0.59357 0.048949 0.000708539 0.000683468
0.514532 204.839 0.0804216 0.0775287 0.593518 0.0460147 0.000669688 0.000645598
0.514532 324.648 0.0759055 0.0731579 0.593486 0.0434182 0.000635064 0.000612077
0.514532 514.532 0.0718858 0.0692831 0.593466 0.0411171 0.000604202 0.000582326
0.514532 815.479 0.068338 0.0658718 0.593453 0.0390918 0.000576895 0.000556075
0.514532 1292.45 0.0653168 0.0629718 0.593445 0.0373703 0.000553573 0.000533698
0.514532 2048.39 0.0628399 0.0605978 0.593439 0.0359611 0.000534515 0.000515443
0.514532 3246.48 0.061135 0.0589682 0.593436 0.0349939 0.000522191 0.000503683
0.514532 5145.32 0.0601531 0.0580355 0.593434 0.0344402 0.000517691 0.000499466
0.514532 8154.79 0.0600271 0.057928 0.593433 0.0343764 0.000525065 0.000506703
0.514532 12924.5 0.0603189 0.0582232 0.593432 0.0345515 0.000541851 0.000523026
0.514532 20483.9 0.0606958 0.0586002 0.593432 0.0347752 0.000564485 0.000544995
0.514532 32464.8 0.0609335 0.0588421 0.593431 0.0349188 0.000588345 0.000568151
0.514532 51453.2 0.0604532 0.05839 0.593431 0.0346504 0.000601416 0.000580891
0.514532 81547.9 0.0595919 0.057569 0.593431 0.0341632 0.000608183 0.000587538
0.815479 1.29245 0.0670179 0.0922059 0.775264 0.0714839 0.000579865 0.000797802
0.815479 2.04839 0.0466487 0.0498543 0.76871 0.0383235 0.000469647 0.00050192
0.815479 3.24648 0.0310673 0.0272147 0.764575 0.0208077 0.000376924 0.000330183
0.815479 5.14532 0.020547 0.0157863 0.761966 0.0120286 0.000290985 0.000223564
0.815479 8.15479 0.0138827 0.010002 0.76032 0.00760472 0.000221432 0.000159534
0.815479 12.9245 0.00981962 0.00671186 0.759281 0.00509619 0.000171585 0.000117281
0.815479 20.4839 0.00732241 0.00481187 0.758626 0.00365041 0.000137483 9.03461e-05
0.815479 32.4648 0.00573326 0.00366686 0.758212 0.00278026 0.00011504 7.35771e-05
0.815479 51.4532 0.00466382 0.00292995 0.757951 0.00222076 0.000100275 6.29956e-05
0.815479 81.5479 0.00390956 0.00242794 0.757787 0.00183986 9.03344e-05 5.61001e-05
0.815479 129.245 0.00335366 0.00206758 0.757683 0.00156657 8.33486e-05 5.13856e-05
0.815479 204.839 0.002928 0.00179699 0.757617 0.00136143 7.81339e-05 4.79527e-05
0.815479 324.648 0.00259223 0.00158651 0.757576 0.0012019 7.40251e-05 4.53053e-05
0.815479 514.532 0.00232129 0.00141834 0.75755 0.00107447 7.06764e-05 4.31844e-05
0.815479 815.479 0.00209777 0.00128055 0.757533 0.000970062 6.79882e-05 4.15025e-05
0.815479 1292.45 0.00191497 0.00116837 0.757523 0.000885067 6.61675e-05 4.03704e-05
0.815479 2048.39 0.00176757 0.00107818 0.757517 0.000816738 6.53665e-05 3.98722e-05
0.815479 3246.48 0.00165547 0.00100973 0.757512 0.00076488 6.65461e-05 4.05886e-05
0.815479 5145.32 0.0015748 0.000960546 0.75751 0.000727623 6.98866e-05 4.26272e-05
0.815479 8154.79 0.00152454 0.000929964 0.757508 0.000704455 7.62802e-05 4.65307e-05
0.815479 12924.5 0.0014913 0.000909791 0.757507 0.000689173 8.42839e-05 5.14188e-05
0.815479 20483.9 0.00146303 0.000892661 0.757506 0.000676196 9.24821e-05 5.64275e-05
0.815479 32464.8 0.0014345 0.000875373 0.757506 0.000663101 9.98639e-05 6.09398e-05
0.815479 51453.2 0.00139088 0.000848869 0.757506 0.000643023 0.000103787 6.33423e-05
0.815479 81547.9 0.00133982 0.000817817 0.757506 0.000619501 0.000105849 6.46093e-05
